2 0.0004804593138512098 0.5062877921030221 0.0007773930635930037 0.010528518191960773
2 0.09063319775322413 0.3934962751596443 0.017391146985951636 0.023220153252338494
2 0.40310387083044324 0.209124551832372 0.017095138728357145 0.022825790517845387
2 0.23270555763749765 0.5013397623175938 0.018782847233710334 0.025078309812842814
2 0.234254633197086 0.5173074537898438 0.012152730801012398 0.0162265832415785
2 0.27143244699788993 0.31254139536008024 0.015565857968612672 0.020783863286051363
2 0.24022963897303565 0.6086049853385629 0.013394791081768454 0.01788500881966413
2 0.33560843508684635 0.5743244863110117 0.016730322873621292 0.022338681367596626
2 0.13207569362328048 0.9393702961151235 0.017497587118124394 0.02336226901924597
2 0.07041824517913299 0.9330285957438385 0.018145791907478694 0.024228647188001128
2 0.3297119565706271 0.8502829062404335 0.017909483897594333 0.023912221609174285
2 0.2676587606560859 0.8619045675942693 0.019600228736556615 0.026170639471123212
2 0.6390281422212232 0.43559913638909376 0.019506132947976994 0.026044022050596846
2 0.6958574721276103 0.9836436587425879 0.02072369281588427 0.02767071334076296
2 0.5446819566243307 0.0008779547948394353 0.009846532617658716 0.00203751708979512
2 0.6245437865275282 0.8334820579969485 0.016938091659813453 0.022616098125597672
2 0.5550505390824692 0.8674036504520061 0.017521970272529486 0.02339570562313121
2 0.46450352873560885 0.8825189073887358 0.015646794384788002 0.020891144432234266
2 0.4798585287382089 0.6701063081383902 0.015453417836511578 0.02063295369415391
2 0.6529584515030483 0.5951785866680422 0.01651172832369383 0.022045979052453476
2 0.7385981937449423 0.6335395277942949 0.01671397274979725 0.022316850054405358
2 0.06092030699428288 0.7175538013540331 0.016517797687831532 0.022054082690404427