2 0.0004804593138512098 0.4937122078969779 0.0007773930635930037 0.010528518191960773
2 0.09063319775322413 0.6065037248403556 0.017391146985951636 0.023220153252338494
2 0.40310387083044324 0.790875448167628 0.017095138728357145 0.022825790517845387
2 0.23270555763749765 0.4986602376824062 0.018782847233710334 0.025078309812842814
2 0.234254633197086 0.4826925462101563 0.012152730801012398 0.0162265832415785
2 0.27143244699788993 0.6874586046399197 0.015565857968612672 0.020783863286051363
2 0.24022963897303565 0.39139501466143717 0.013394791081768454 0.01788500881966413
2 0.33560843508684635 0.4256755136889883 0.016730322873621292 0.022338681367596626
2 0.13207569362328048 0.06062970388487655 0.017497587118124394 0.02336226901924597
2 0.07041824517913299 0.06697140425616155 0.018145791907478694 0.024228647188001128
2 0.3297119565706271 0.14971709375956652 0.017909483897594333 0.023912221609174285
2 0.2676587606560859 0.13809543240573072 0.019600228736556615 0.026170639471123212
2 0.6390281422212232 0.5644008636109062 0.019506132947976994 0.026044022050596846
2 0.6958574721276103 0.016356341257412088 0.02072369281588427 0.02767071334076296
2 0.5446819566243307 0.9991220452051606 0.009846532617658716 0.00203751708979512
2 0.6245437865275282 0.16651794200305145 0.016938091659813453 0.022616098125597672
2 0.5550505390824692 0.13259634954799399 0.017521970272529486 0.02339570562313121
2 0.46450352873560885 0.1174810926112641 0.015646794384788002 0.020891144432234266
2 0.4798585287382089 0.3298936918616098 0.015453417836511578 0.02063295369415391
2 0.6529584515030483 0.40482141333195776 0.01651172832369383 0.022045979052453476
2 0.7385981937449423 0.3664604722057051 0.01671397274979725 0.022316850054405358
2 0.06092030699428288 0.2824461986459668 0.016517797687831532 0.022054082690404427