2 0.2886944317992282 0.85092292681168 0.011828161023932483 0.015792616317510735
2 0.28764896018941627 0.9360735466171881 0.010887192402980549 0.014536262403602703
2 0.536819695867723 0.9992038744769769 0.009626055326182811 0.0046925281144703235
2 0.5094631885257792 0.8727936186307124 0.010825666391427615 0.014454114663618994
2 0.5030161135387395 0.5782600922177339 0.011991315441799037 0.016010455346677572
2 0.5838659186839337 0.5200977868399488 0.012330388934751411 0.01646379713285324
2 0.6087829922722933 0.2718621666575017 0.012898372419470342 0.017222180816754615
2 0.6098284638472575 0.18578730018597914 0.010396080924864031 0.013881067254569262
2 0.6993905325099794 0.17950166469437812 0.012589145334455562 0.016808660418542704
2 0.7584596789191291 0.18625107593115628 0.011221838150295321 0.014983636162797237
2 0.7455655289550956 0.2902431901402632 0.011868712634177344 0.01584735722101346
2 0.8572567468452841 0.28466186709311825 0.010667052848887892 0.01424287431057062
2 0.8290290131344569 0.083880260500486 0.014427676300585892 0.019263414553106817
2 0.9534401357112203 0.05131354657142467 0.012321001651508828 0.016450642778557678
2 0.30019461961780713 0.19067267801863158 0.010454715937243361 0.01395883241436283
2 0.20993556990528528 0.15322060076070101 0.008224672171737904 0.010981342888744229
2 0.24099275211354296 0.0032811787568829552 0.006976066061090232 0.0016974476294421572
2 0.3393998052842198 0.2960590236258612 0.011991316267569156 0.01601045534770439
2 0.681178302279655 0.5621317255946313 0.018004118909976274 0.02403948070479366
2 0.7271819071228786 0.5173270795586732 0.01682534186622477 0.022465552370728312
0 0.6090188551957844 0.15881116692564123 0.010362681255164048 0.01383647298832581