2 0.08190502573075203 0.003940496903812346 0.009225244426065064 0.002743496140619163
2 0.06722229680363288 0.16298182664979188 0.013608990090852641 0.01817032855513373
2 0.11217757640118095 0.12227105373021753 0.01233038976052153 0.01646379713285324
2 0.6337458497390319 0.0037222129037108812 0.00918387613542075 0.002381092613068016
2 0.7429454527223044 0.1103985233103 0.016330788604494856 0.021804394707691577
2 0.3005367129570847 0.04456943748241584 0.010942412881920088 0.014610541345759027
2 0.39619736601453404 0.075040248726816 0.01411279108178049 0.018842987872274078
2 0.3054155805078489 0.1262291335052058 0.010598926507048063 0.014151377066386639
2 0.37807585797755205 0.23580555121856922 0.010825666391427615 0.014454114663618994
2 0.21933841727821857 0.252790128173514 0.01010622543351637 0.013493538037344995
2 0.3109914291333111 0.28023606207418894 0.013661914946308359 0.018241678059610404
2 0.37633340527823783 0.3535157465073049 0.015851531791895655 0.021164503859308813
2 0.4488194374717802 0.3253709813128118 0.012851696118922376 0.017159210584745583
2 0.46136509691002453 0.21440240892231496 0.010667052848887892 0.014242874311597436
2 0.544567213147651 0.2853586569052629 0.011293303055300751 0.015079057331853099
2 0.5560674009753624 0.2790772713856338 0.011244810074285167 0.015014309812924499
2 0.6617471570269516 0.3361849710571168 0.015154761354283997 0.020234958103384573
2 0.30646105211458463 0.4333237204906072 0.01045471676301348 0.013958833517163762
2 0.8462728976509395 0.1027306123680816 0.011222260941376004 0.014983636162797237
2 0.9373454625742232 0.8344010149181103 0.017294478943061183 0.023091085997534365