2 0.08185889949908859 0.005998192867418174 0.012409395540914091 0.013825166482753568
2 0.051888713096205026 0.18784755873550324 0.012197168455830245 0.01628530429945201
2 0.09632125687651824 0.44143109700756505 0.011157141205613232 0.014896690187300119
2 0.1712467228430154 0.4256100965460481 0.010621817506191072 0.014181941565918883
2 0.24373275502016736 0.46050692299255624 0.010483716763019589 0.013997554575743065
2 0.31674152304464337 0.4737715285257031 0.012492304706859882 0.016679360529216872
2 0.3531587843849146 0.35372604841577937 0.012822832369976573 0.01712131752943684
2 0.2568011502525269 0.29044365085961243 0.011541917423593092 0.015411012128299428
2 0.3960231207754801 0.3379006049448938 0.009868742361644391 0.013176953694203
2 0.3549012370741831 0.23507830970268595 0.014017812551624464 0.018716176406017276
2 0.4944716981434014 0.05291773188887975 0.015285412881926738 0.020409406835363218
2 0.4868049062677455 0.27090136230694256 0.011583926506995352 0.015467103638469582
2 0.6723761184937105 0.14853314771455567 0.013877979355912676 0.018530171996037976
2 0.633693668607474 0.0070135014207649655 0.013608990916574696 0.0157892348402916
2 0.785984034355 0.04593537003520667 0.013608990090804575 0.018170327453359617
2 0.5648667870671873 0.34256182954048014 0.01429236168455191 0.019082745314342644
2 0.42198566592034664 0.6128951736511262 0.012823315441747243 0.017121317530463653
2 0.531063204748586 0.6015034111970348 0.017217042113975012 0.022988557883321648
2 0.4592741536698285 0.8050609149168171 0.012360364987588357 0.016503199558117753
2 0.4495164185394606 0.9630265083110582 0.011414962840607985 0.015241500550866652
2 0.57183659787598 0.8513574083987726 0.012197169281600365 0.016285304300478826
2 0.6786489482043971 0.8164650222231133 0.014817463253533605 0.01978459095945859
2 0.5765412201922564 0.7959811306859407 0.00887078695297418 0.01184446306523375
2 0.5732305600255202 0.9816405721555044 0.012589145334407496 0.016808660418542704
2 0.8966297805822158 0.12503171695525683 0.011605310487206394 0.015495072767886003
2 0.8459244071334177 0.2632251221557223 0.012191730801027244 0.016278656009613417
2 0.7584532817356937 0.27927767884401067 0.012136823286559635 0.01620534399078693
2 0.8412197848483358 0.3930413055766575 0.011605310487206394 0.015495072766859188
2 0.8124693153319057 0.5107636526843087 0.013150612716766845 0.017558315325253197
2 0.7100130967128407 0.5068070336975067 0.012276565648231218 0.01639131312037776
2 0.2123686064562078 0.6370835929016492 0.009147117258446379 0.012213424476563865
2 0.9891540187797074 0.8936986889219879 0.011920210569777812 0.015915518192227317
2 0.9729492087500681 0.7799345808054393 0.012191729975209058 0.016278656009613417
2 0.9513427952882618 0.4860997110504612 0.011346029727514003 0.015148888643966555
2 0.35968433625735213 0.7361797394216586 0.01148578943026196 0.015335491731097509