2 0.07132019066894166 0.05787823754521919 0.01359526011557376 0.018151995589363142
2 0.07697363472643634 0.7495407295015938 0.012477713459931563 0.016659878721088994
2 0.20243022892733536 0.9342622731277327 0.01235990008256805 0.01650319955914457
2 0.2630675827936211 0.883308825015307 0.010343382328642573 0.013810703417957815
2 0.40699417556478956 0.9477535284400529 0.011118559042106419 0.014845736494211864
2 0.30924257924734105 0.8870320102516172 0.01073554500415083 0.014333787209907795
2 0.20887730390394474 0.7025484369693954 0.013799521056975567 0.018424719956096635
2 0.44776756864926076 0.5876170019470278 0.011792170107353119 0.01574456229366469
2 0.47948020776554184 0.49851962464092486 0.015309804293936892 0.02044120507136135
2 0.6676650990369695 0.5929698029188019 0.012898373245240461 0.017222179713953685
2 0.7070445299505111 0.6920790013198996 0.013631282411225396 0.01820009151040325
2 0.5437767122568686 0.7351151816793353 0.011709488852181826 0.01563416979077468
2 0.6638317030846737 0.8167780937992505 0.013807799339359418 0.018436466373478566
2 0.49777596107296473 0.8712119998322038 0.01073554500415083 0.014333787210934612
2 0.5903873219249273 0.8239826994671875 0.009752699421958276 0.013022011025811832
2 0.4516009646067957 0.4128972099531265 0.010853676300558925 0.014491512679393262
2 0.7364919805542807 0.4201093355302577 0.010887193228750668 0.014536262403602703
2 0.8255313133600654 0.47711084381181257 0.012477713459979629 0.016659879822863106
2 0.3528802565623995 0.45145984154703894 0.018275132122217708 0.024401342889546627