2 0.40821389243235306 0.2091301993375527 0.012627198183305353 0.01686010253538666
2 0.4859272827360949 0.10862802002936306 0.011792170107353119 0.01574456229366469
2 0.2754389969379684 0.13003014715423328 0.012627198183353418 0.01686010253538666
2 0.3456598406277953 0.06698432191179567 0.011709489677951946 0.01563416979077468
2 0.4946395462162756 0.021849685015881797 0.01235990008256805 0.01650319955914457
2 0.5631179371963579 0.04418705682996188 0.010598526837338458 0.014151378169187571
2 0.08777684145796433 0.041856831978788846 0.012569836498788787 0.01678287982324584
2 0.05554146656117069 0.1449220390865105 0.011222260941376004 0.014983636162797237
2 0.04526099566639225 0.24263346175916797 0.01150503385629202 0.015361765160326987
2 0.30195359393066407 0.003224461802508366 0.005628672997527975 0.0016047739800653094
2 0.1336033473902691 0.4696932744867319 0.013532924855504383 0.018068766262476735
2 0.2714313556997545 0.3782635412549614 0.013269625103211108 0.01771788313048414
2 0.10781504746417274 0.35313421600963407 0.015049789430232123 0.020094040793581337
2 0.32875804942227943 0.5115676092511698 0.014702832369984787 0.0196307927232478
2 0.316735125838617 0.5927649620651394 0.012823315441795309 0.017121317530463653
2 0.3740618195833002 0.5346080507485498 0.01017807184143298 0.013589465270864201
2 0.38800144114440827 0.5948558281388343 0.014502690338599246 0.019364299890282332
2 0.34339465207130354 0.6804731092092303 0.012813358381496316 0.017108668136803687
2 0.46658605779862433 0.7428242524740797 0.0118942642444091 0.015881474089809788
2 0.36256163178942713 0.8005207630198823 0.011828161023980549 0.015792616317510735
2 0.4099563451464235 0.8624020358835077 0.013388569777034313 0.017876028666496607
2 0.2773556948977259 0.934058677925715 0.012685247729140203 0.01693697243645508
2 0.10485287791426223 0.7723687406487624 0.012822832369928507 0.017121317530463653
2 0.058503636129201994 0.8682212034207507 0.011837978530138758 0.015806318633463705
2 0.3555918209820764 0.9729139536882051 0.011019823286554705 0.014713901874446027
2 0.516942940679816 0.9270785637548996 0.013062585466554808 0.017440785004941145
2 0.6049368019173176 0.7653877407265159 0.013608990916622762 0.018170328556160548
2 0.6491951004390141 0.9224234713229136 0.014224220478946064 0.018991765159550877
2 0.7371889616286903 0.07838652831889369 0.010361368290672015 0.013834198456269903
2 0.7133173596922483 0.21354911204986068 0.013306681255169341 0.017766693495049696
2 0.8039248999658877 0.17423738684308077 0.010249414533422067 0.013684718853197457
2 0.7441587724302731 0.3947776692848583 0.0153488381502863 0.020494093714937024
2 0.684566890173559 0.39152738549094546 0.011600077621806813 0.015488084894425288
2 0.7093097184922947 0.5271634283909922 0.010130231213860882 0.013525589856975264
2 0.5859440675021275 0.5650781385401364 0.013799521056975567 0.018424719956096635
2 0.6770743435818986 0.6216120539610956 0.013451915772135342 0.017960605291647645
2 0.7356207541922707 0.5764786959168847 0.013343137902539133 0.017815370451506995
2 0.12942146091723106 0.5985802334919161 0.013388065235336671 0.017876027563695673
2 0.9691094155970812 0.9347554029539523 0.013343137902539133 0.01781536934973288
2 0.9698063966756726 0.49738024410205384 0.012477713459931563 0.016659879823889924
2 0.842781595020906 0.45620119651058705 0.012813358381544382 0.017108668136803687
2 0.8227433890859792 0.36825975426601076 0.013173679603647494 0.017589113561081254
2 0.7610605635804653 0.17610255648333747 0.008135287365831918 0.01086240793889452
2 0.7525225453501053 0.2800956965303983 0.008224362510346448 0.010981342888744229
2 0.6875290597541835 0.3028961005851692 0.007650935590433681 0.010215305401856344
2 0.4939425651174005 0.4569070103425274 0.00848629975227699 0.01133066041922852
2 0.7558332054970865 0.7902847391849973 0.011646655656479632 0.015550861080703885
2 0.7311841503853127 0.861113333226466 0.010169793559049128 0.01357841234789728