2 0.09683759549935868 0.2925024439263452 0.011335321222126259 0.015134590959264727
2 0.1193152352745324 0.3492698335102138 0.010598526837290392 0.014151377067413456
2 0.15782343990561298 0.713358968096891 0.012569837324510842 0.01678287982324584
2 0.385039271571282 0.9478661055022557 0.013247225433491897 0.01768730981265171
2 0.5542314284576567 0.9422807228631344 0.014325770437675139 0.019128071664819182
2 0.6533769868789349 0.9923070597553743 0.010361369116442134 0.01383419845729672
2 0.5376781277648081 0.8236305378202878 0.014305101568955992 0.0190997552373082
2 0.36099342432436027 0.8534145304161024 0.011583925681273298 0.015467103638469582
2 0.3045379569412545 0.8361955795687641 0.013173679603647494 0.017589113561081254
2 0.24128692406622854 0.8494563346714307 0.013247225433539962 0.01768730981265171
2 0.20208173838294474 0.9457702446131337 0.014427132947981038 0.0192634134513327
2 0.29739390090864476 0.9881240405705003 0.007900530140407454 0.010548954796715504
2 0.3019242779216033 0.9970135294104276 0.0077924847233795174 0.008799525909125805
2 0.4148352126466225 0.7508180349204759 0.01102023864575238 0.014713901874446027
2 0.3643040844635068 0.6505485118460218 0.010249414533470133 0.01368471995599839
2 0.4618814354734076 0.5760972409046028 0.012569363336115353 0.01678288092604677
2 0.4887152070165258 0.7317339110998344 0.014915484723363542 0.019915470782597575
2 0.5561481264146263 0.5577189065618676 0.01213682411228169 0.016205343991813743
2 0.6483238740929138 0.7040541138727928 0.012076639966982702 0.01612498677030715
2 0.7082642468578731 0.7494179083767544 0.013388064409614618 0.01787602756266886
2 0.884948950322594 0.580287569005334 0.011113097440114154 0.014838443219850646
2 0.8312814072640435 0.8713282186521552 0.011600076796036694 0.015488085998253036
2 0.20800607753472486 0.30297125385234247 0.011505466556566068 0.015361764057526055
2 0.4270323815802266 0.3620596657380823 0.013732840627559532 0.01833637927216298
2 0.3012272968401761 0.4683815904676323 0.012564532617687668 0.01677642888651366
2 0.5418600142883632 0.32065359395728454 0.010942412881920088 0.014610541345759027
2 0.40380921143205745 0.06582096053848029 0.011196333608575838 0.014949581036477656
2 0.7556915480760215 0.205255353253421 0.010345878612727287 0.013813515986462742
2 0.7898921701846306 0.1635016900196655 0.008793666391440419 0.011741489526233507
2 0.9369365561966059 0.07534618582679195 0.010169794384819247 0.01357841234789728