2 0.9252551546181698 0.5403305544675038 0.01173488604455485 0.015668668137306743
2 0.9457383908094527 0.4644270345513209 0.01359190834018238 0.018148205071572696
2 0.8826776412818915 0.4330781471854961 0.016595635838167547 0.02215884343947899
2 0.8334258150651649 0.37654185714456845 0.014051742361703524 0.018762183020378093
2 0.7827930965188881 0.5415622649494612 0.010343509496279633 0.013810872106454536
2 0.8621944051551129 0.6002538425831458 0.010506484723376137 0.014027952591353636
2 0.7280177009916033 0.6681617362108472 0.012046683732436355 0.0160849867696651
2 0.6497671359284891 0.6878270821537014 0.012563675474792698 0.016774653803142324
2 0.659663530968708 0.5968697317819447 0.012639335260088582 0.01687567254637246
2 0.6269824126053565 0.42970145041638497 0.014628481420282271 0.019531522602327538
2 0.8221485277632649 0.21368052021630082 0.013379829066892444 0.017865030871254475
2 0.7192720496094275 0.457970846978313 0.015300419488052733 0.020429444321674574
2 0.6235301818684321 0.2327319783730537 0.0135919091659525 0.018148205071572696
2 0.9924287730386684 0.03249597867238187 0.014712473988405358 0.019643667034903396
2 0.9242694477677003 0.05273626443684561 0.014343360033027388 0.01915083682450005