2 0.654830407863829 0.9017845230801349 0.012730718414542595 0.01699832524866063
2 0.5975233763708689 0.973682989184606 0.016480341866259823 0.02200490187405883
2 0.8428619125742399 0.9521790418359055 0.013035441783645584 0.01740454244730294
2 0.7537943576837961 0.9063936039259146 0.012789312964474473 0.017075918412581496
2 0.8700194616522678 0.8403222592138863 0.015196787778666499 0.020290309812795563
2 0.6488465411210464 0.8120503464843072 0.016057113955394556 0.021439799338644896
2 0.9739936917671195 0.5082546711417764 0.015758732452501815 0.021041393604503314
2 0.9234625635488677 0.7567221501476594 0.015619409578878503 0.020855366041865345
2 0.9923798464045227 0.32560356127564377 0.012530251857951518 0.02403821058411155
2 0.9546524668478659 0.4037900865745403 0.019013587118122222 0.02538734399164229
2 0.861082756975433 0.2995707737939081 0.015404120561504132 0.020567908489824063
2 0.8000969125765809 0.2618755151598808 0.018786194054481 0.025082778389942488
2 0.8609085117511833 0.4407860381239173 0.01627057473161577 0.021724814773961293
2 0.8309383253510876 0.5198879022276504 0.01528541205615662 0.020409406835363218
2 0.7215122959871575 0.6652853892194035 0.01910279355902828 0.025506453141939747
2 0.7840663477999825 0.6034011479380901 0.019043023121386726 0.02542569018723782
2 0.5707901376760992 0.8283722570870388 0.018364492981030562 0.02451973649454452
2 0.6551248482319862 0.5266426588175561 0.010942412881920088 0.014610541344732211
2 0.6793449407044554 0.4598666085115128 0.014368091659779213 0.01918458103591447
2 0.7408535209201099 0.4980140659031936 0.018003167630056754 0.02403821058411155
2 0.668367488751802 0.5899080846052054 0.01878619322871088 0.02508277949274342
2 0.9986385329388864 0.7412419999716546 0.002122816680417212 0.014127589856677964
2 0.5307284637600795 0.013249360769371017 0.018717551610209923 0.018276101433134986
2 0.9883347875783743 0.18139343385922474 0.01755025928984623 0.0234334773980615
2 0.9301338052833922 0.21300805114669666 0.017838078447556836 0.023817779492204875
2 0.9628856888242392 0.09526157205721082 0.018939930635850883 0.025288042999483652
2 0.8806740351486663 0.1450617278196008 0.011602339388956074 0.015491689085065005
2 0.7134845213154 0.12673703076209064 0.014588795210537443 0.019478534730284783
2 0.7459664875190127 0.07695881663303095 0.008054580511971323 0.01075464718828292
2 0.7640421387693721 0.052017514913239186 0.009549182493810279 0.01275026901854077
2 0.698246768069587 0.09996514687830091 0.008867999999970429 0.011840740904672012