2 0.9480588226621428 0.5114732894259931 0.013515402147003076 0.018045372656179958
2 0.5306936034593004 0.0021251058760443095 0.016593502890147518 0.006715028665861261
2 0.6675654953436693 0.022036715343906704 0.017441758876943287 0.023287728776931433
2 0.48565976361788904 0.18144851955025568 0.02105147398844466 0.028108372656955018
2 0.7003173789212386 0.1730204733343263 0.017142336911631056 0.022888811466375482
2 0.4485925980270179 0.07344924410560724 0.017972764657336594 0.02399671223844261
2 0.354430932776378 0.13075858966859166 0.0117782700247755 0.015726595369497234
2 0.4203772929700478 0.8065044563407409 0.01660313872832145 0.022168027563585335
2 0.27576002316718806 0.8254192821504887 0.019215877786967796 0.02565648180844371
2 0.6504150157666309 0.7698652339789117 0.01609177374073153 0.021486078280146422
2 0.7366100066841537 0.7330808765044418 0.01680979686211464 0.022443951487483696
2 0.8263457417585671 0.8044306128054791 0.013669807597026568 0.018252216096733345
2 0.8358614917344745 0.6959976519754746 0.015864988439331873 0.021183269019336197
2 0.673097908129538 0.971668456030071 0.014991103220441856 0.02001568467521582
2 0.6269575856395991 0.91449662637635 0.01581088191577565 0.021111023153333443
2 0.42646294695424786 0.9201168956588276 0.019166117258480282 0.025590041896704146
2 0.6023936729749275 0.5671745421870097 0.016531574731622686 0.022073308709298304
2 0.6452145477378388 0.44721689656820424 0.01786344013210312 0.02385074531406887
2 0.5121046965969664 0.6240561188413231 0.0185282146985951 0.024738332966204975
2 0.570305678890074 0.3934424242380567 0.018308859620107573 0.02444545645061408
2 0.48964310077058065 0.4591858523980999 0.019201856317095888 0.0256377596473845
2 0.4795741095407777 0.33050568575242817 0.017273890173418755 0.023063595369745706
2 0.8367466777972135 0.20891418580742102 0.014026947976903287 0.018729078279481635
2 0.9205074070469387 0.39520883663889134 0.014929983484711418 0.019934831312400633
2 0.817825826100369 0.3675873745027457 0.01757117341041625 0.023461402424682
2 0.8519054887337864 0.42978122889843606 0.016321409578857332 0.021792691289277823
2 0.7812012536013341 0.060446458933371826 0.016802511973589934 0.022434226019552354