2 0.9290550691057358 0.9274416831378489 0.019517898431042412 0.02605972987884099
2 0.9221671309007192 0.7538356451325883 0.017972765483058647 0.02399671223844261
2 0.876026808427315 0.6870594445334659 0.018126062758041593 0.024201390297535104
2 0.7223363817712902 0.8409918470805163 0.02190641205614428 0.029249904079664633
2 0.8252392592164092 0.8121931728482854 0.016638495458303825 0.022215234839625436
2 0.6399034315265114 0.9166420711493972 0.01624533443431571 0.021690297684947474
2 0.8723754159948814 0.9029000176110663 0.017738265070170595 0.02368361411191104
2 0.6070408997003645 0.7929909572471446 0.014964382328661381 0.019980761851979854
2 0.29755772949076426 0.7916667990113353 0.012000676300590065 0.016023556779877025
2 0.8899684886158825 0.161424834086111 0.015977251857973274 0.021333164277731912
2 0.8088633174297395 0.209144217391368 0.015243779521092887 0.02035305071663206