0 0.3286794309455688 0.4691369032667993 0.009265206440962915 0.012370633958431234
0 0.39914962988949365 0.12466008010163263 0.011419394715096183 0.015247417861326724
0 0.36460037180390803 0.059412068866045435 0.009578787778699532 0.012789318632732876
0 0.35705611690329764 0.04544645505151255 0.009112899256806703 0.012167735390833352
0 0.3495975921781654 0.01751654278671794 0.008742796036324054 0.011673126791736323
0 0.3687154198929911 0.031709884165025334 0.00860894880264084 0.011494416757892353
0 0.36314295888970693 0.0005513325060462084 0.010577499587127276 0.00430153583226748
0 0.41672431458380693 0.08677082155474852 0.010527720891841334 0.01405630650485495
0 0.43687090427560143 0.08882943775439112 0.00958492485550636 0.012797511575996153
0 0.4482730167835138 0.09294984663827417 0.009468849710977854 0.012643009923242418
0 0.4569317638636801 0.07029039053145751 0.011850625928962398 0.015822610804501022
0 0.9673775838149967 0.9964609220469948 0.006046421965324604 0.0020779592057950835
0 0.9644755439154694 0.9602079608291798 0.006380803468219958 0.008519464167288803
0 0.9413444843955248 0.967361619019349 0.006283473988462772 0.008389828003770462
0 0.9900895985322877 0.9527089727422287 0.008481379025579222 0.011324089305945636
0 0.8899856911187539 0.9211280606902701 0.008993486374882715 0.012007842337365581
0 0.9529753561305366 0.9415416057676471 0.008318729149458375 0.011106925027685234
0 0.9507537289116144 0.911873296635326 0.005188004954548477 0.006926873208012313
0 0.887372012084683 0.8434781827127034 0.006900310487181493 0.009213093715455986