2 0.17030030752502961 0.030973920066735185 0.017409488852162754 0.023244641675041883
2 0.14906749107040893 0.11926535852746309 0.015772355904204356 0.021059583241064533
2 0.11671272312339225 0.15840881529583492 0.01890849793557859 0.02524702646179164
2 0.9903834339259707 0.10613027976799136 0.013099800990944425 0.017491132304351675
2 0.7323867180603876 0.7489710541374267 0.015978355904211292 0.021333835722289182
2 0.836413939764985 0.5901074636452385 0.013685626754749483 0.018272650495886212
2 0.8143196626084539 0.6672398080030721 0.012081804293991104 0.01613188202799911
2 0.8822135352275318 0.7087180081522862 0.015077815028899568 0.020131459757439227
2 0.7579332260235865 0.5698201398898117 0.01710548554912431 0.02283874641726042
2 0.6292800911976479 0.7062635120947033 0.013019178365011147 0.01738282690151228
2 0.6658737377662456 0.638658123276717 0.014209168455848036 0.01897238257989008
2 0.7678296210429447 0.8983152485837649 0.014822163501243752 0.019790865490141158
2 0.8235256114201144 0.8731206475388436 0.013188450867067915 0.017609499448288105
2 0.8177718934352612 0.9204433821193061 0.012969775392245548 0.01731751819142236
2 0.8488419707251684 0.9523979141659287 0.014822162675473633 0.019790866592942092
2 0.06449513065386071 0.6497236998513538 0.012393887696122869 0.016547958103707832
2 0.14343614185420822 0.5163526254631127 0.0168866977704309 0.02254747739729144
2 0.1554038753092995 0.4075781831008515 0.01391538728320199 0.018580120175978314
2 0.00626750430587293 0.37901214665970473 0.007493099091664145 0.01000456890869627
2 0.3383721082301062 0.8764991250870772 0.014029636663887696 0.018731962513618066
2 0.4681759867150972 0.6193008792597919 0.01318041618494663 0.017598771774584823
2 0.3825606625901288 0.7308418236666717 0.015656291494639336 0.020904611907036855
2 0.28336656401040566 0.7034954833300104 0.014416396366649566 0.01924907717783961
2 0.26955764077474614 0.5019194709892819 0.011788923203949773 0.015740819183992512
2 0.24585232254207898 0.41772299501819016 0.011507436003304117 0.015364393605229412
2 0.2276948044485794 0.2706367293498022 0.01731199917425213 0.02311534729972071