2 0.26392691727335627 0.9715803296335017 0.014659853839816512 0.019574146636668285
2 0.8082958878541687 0.6818765971702837 0.014293201486370507 0.019083866592837537
2 0.853592562969581 0.5754988313290109 0.014224373245216493 0.018991970231237
2 0.8618834722734943 0.7086038759508085 0.015563578860483169 0.020780820286572965
2 0.731453313991594 0.8827533482326464 0.013898670520232782 0.018557100330891196
2 0.7462151768459387 0.8622283310924124 0.01683147811726148 0.022472898566185638
2 0.8953320122864478 0.9623224170120739 0.011543766308855034 0.015413480706085772
2 0.06442698675560982 0.6148085988936853 0.014858943022278843 0.019839228225344136
2 0.1733302803203778 0.6280652652479207 0.01714346738232063 0.02288945975724727
2 0.09945028596902789 0.7864974637596961 0.017538491329470454 0.02341776515964045
2 0.18561457182452987 0.8490816412951546 0.01640899504542014 0.021909637265769884
2 0.4646683712845109 0.5464097063407269 0.015273491329510414 0.020393489526282862
2 0.41465997885273187 0.6985580324993161 0.016785526837302642 0.02241154685780784
2 0.4604864847688385 0.3749504538608228 0.014325770437675139 0.019128071664819182
2 0.2804911211507916 0.32213958348902283 0.014300317919088649 0.01909408710030336
2 0.4407967693162494 0.2604889537412119 0.013820985136263328 0.018454072766967092
2 0.4864490299675868 0.2718862027295402 0.015078005780355157 0.02013171554564641
2 0.27265008404276286 0.1562537765099596 0.018734405450057622 0.025013632854691152
2 0.21967952207371463 0.27491757456139304 0.011377668042911768 0.015191702314887643
2 0.39200809377323087 0.22349020309413578 0.01798697357553555 0.024015683571930232
2 0.4589182773512607 0.16138216245985182 0.013247225433539962 0.01768730981265171
2 0.11983698248607702 0.052732270576528045 0.015301293971927945 0.020430611907540436
2 0.06303302457612461 0.24024467359275414 0.01589361354253969 0.021220690187769137
2 0.0034988966589646676 0.325574884848318 0.0054729157721052375 0.022113768467032724
2 0.007679764250205702 0.7411264821490665 0.01318698761351968 0.02044120507238817
2 0.09511035401013608 0.2141975421569379 0.013621874483922092 0.018187529216453745
2 0.08659043831555219 0.14845276598704624 0.01524378034681494 0.02035305181943299
2 0.1322881677667195 0.2466862351164353 0.020688965317926238 0.0276243450939491
2 0.7393044966020088 0.12658698956637163 0.015836235342668807 0.021144080485084815
2 0.8427606153583176 0.18730300454815074 0.017347445086686404 0.023161802646245032
2 0.9015148389529057 0.01947606004704747 0.017750683732449618 0.02370019735462446
2 0.5593707956815704 0.6788534519530611 0.013169255986764357 0.017583868797979386