2 0.227520559182897 0.016593079951354596 0.013388065235384737 0.017876028666496607
2 0.04819549373828812 0.5717539888095057 0.01635887035509782 0.021842708930274617
2 0.13549696719595003 0.47173756799150296 0.016118227085060173 0.021520587651607352
2 0.054391796036579586 0.4510579891728757 0.01786344013210312 0.02385074531406887
2 0.10241313884731706 0.29711901956436026 0.017972764657288528 0.023996712237415792
2 0.07087838609355274 0.25073051894989273 0.018114568951278602 0.024186957001176797
2 0.1794243245749445 0.32237515577793846 0.014573132947983618 0.0194583561193391
2 0.03502835135008681 0.1830631296397849 0.015275872006643607 0.020395899668968435
2 0.1201168597142522 0.08940749515008177 0.01956441370771489 0.02612183682411055
2 0.371620344106559 0.19244230169876836 0.014295369942217272 0.01908748070560519
2 0.23751465863240406 0.40303847110340457 0.014694154417795197 0.019619208379610634
2 0.31397260309897423 0.32547537249214165 0.013374668868734639 0.017858142227287658
2 0.529515404457276 0.1632727120449518 0.018511026424444632 0.024715383681894795
2 0.6214641046855567 0.2898789216089653 0.017464951279920753 0.023319573318246904
2 0.8875731587456885 0.1567656982930371 0.014886200660647414 0.01987562072797049
2 0.8964250192246984 0.14863637951844452 0.012830898431073998 0.01713208710033418
2 0.7690688773066238 0.21763197015026275 0.014739079273330444 0.01967918853323738
2 0.8609069292516713 0.08718212643718345 0.014506319570587756 0.019368415655282786
2 0.7977267754383187 0.0396120719151631 0.014722455821615667 0.019656995589646706
2 0.08935664475220237 0.9156814632996867 0.017326259289862023 0.023133517088945607
2 0.22567529531408595 0.9198225351253806 0.01987409331134238 0.026536309812320632
2 0.40630857214022276 0.9396883767352839 0.017372128819155834 0.02319475964672839
2 0.5406908782491842 0.5360004822769774 0.015296696118895475 0.02042370341829093
2 0.6352951365967553 0.507928557538909 0.013997769611897247 0.018689414554058915
2 0.5575094131083196 0.6179909675732222 0.01417852766306388 0.018930758544692592
2 0.763093871494096 0.7627763560333402 0.0172852262592906 0.02307873098189966
2 0.31330871353762046 0.47203181776327985 0.015459109826588697 0.02064055347221656