2 0.01179221772424789 0.7471888918869091 0.017369360032998576 0.02319193715506871
2 0.07154227561880908 0.48938616608139107 0.020805796036346025 0.027780339580805523
2 0.27247950732375364 0.3192010212940181 0.018194141205599028 0.024293201764000225
2 0.3113170449507963 0.527502954711618 0.019971933113139977 0.02666594377126393
2 0.4112324195063783 0.4981089806360785 0.01718292981009349 0.02294214774034055
2 0.4199736316954739 0.6127444825565408 0.02061029892650523 0.027518271223170625
2 0.5176760412110085 0.6180624120222875 0.020999070189944773 0.028038403528610034
2 0.48171535814797173 0.45408454014331334 0.016972158546626804 0.022660732084460136
2 0.5383672648832694 0.41080113673888663 0.015567430222951472 0.020785962513831774
2 0.5070538086698715 0.31432029518967264 0.021065056977747815 0.02812545093714928
2 0.508049642965807 0.16466575573057823 0.020882933938908093 0.027882286659601047
2 0.4050361172263038 0.2033772009559378 0.018151710982656322 0.02423563616323596
2 0.4884649017526465 0.09302919820287853 0.013063501238647593 0.017442663726956475
2 0.020422781662074164 0.9845977971677349 0.017457939719238712 0.023310211687343648
2 0.2583165306384632 0.04441913514569517 0.016036905862941254 0.021412815877093698
2 0.0667844006556573 0.08268073501420652 0.016809796862066573 0.022443952591311444
2 0.689402133467012 0.30989716712656495 0.01625136251033197 0.02169834619620045
2 0.05461309256579482 0.8746892924953453 0.014206132948009065 0.018967614112814113
2 0.13228816776508526 0.9209221841884487 0.018507057803484567 0.024710084894895883
2 0.20963129826094054 0.7613701438223235 0.017946860445907507 0.023962126791173266