2 0.1390693041168747 0.7555209606282142 0.019960022295591007 0.026650039691687485
2 0.17879722564392567 0.5433507757251127 0.01775763666388578 0.02370947960337014
2 0.4020054161300691 0.7980967288079046 0.019347559042114604 0.025833270121304177
2 0.38214145539156186 0.5395149060102978 0.016238499587141422 0.021681171995941897
2 0.026942473101125096 0.8061340331133813 0.013306681255169341 0.017766693495049696
2 0.0925458171469787 0.46936873532626305 0.01788031626755178 0.023873276736427102
2 0.40853961375153613 0.9446680410503273 0.017407310487170688 0.023242609701689246
0 0.49466033828100436 0.1244279885553686 0.008785674649028878 0.011730818082029134
0 0.5043309507676682 0.1251256690486904 0.008878818331966923 0.011854739801171662
0 0.43278148687813006 0.11744951284074664 0.008228938893500013 0.010987039691385585
0 0.4103038471153573 0.13507394815251939 0.007508075970258105 0.010024942668173319
0 0.4288609682978477 0.09956670278229451 0.007216985136280905 0.00963627122334372
0 0.4109572668452278 0.15173907334635972 0.006510632535072411 0.008692805954104222
0 0.39298822344532647 0.12879266940845874 0.007401556564826814 0.009882715545068962
0 0.3786129886932397 0.138039793204126 0.007687061106533113 0.010263539140154798
0 0.39906502721842163 0.15950450039537503 0.006063791907507415 0.008096197353061925
0 0.4446083845656337 0.09860492255867283 0.008318729149458375 0.011106925027685234
0 0.43892363265407075 0.10392775255550098 0.007764431048720278 0.010366842337568776
0 0.4553898106955729 0.09319605619483345 0.008265900908337566 0.011036805953325287
0 0.342674901802833 0.08185565671673026 0.007597672997498585 0.010144191841330983
2 0.38789154932269726 0.10540394822100656 0.011512061932280316 0.01537057111407358
0 0.34149874625039234 0.13472709547966522 0.006321645747344559 0.008440478500533262
0 0.344308451221526 0.1697971937528995 0.007115977704386565 0.009501047408805858
0 0.36495651567209064 0.18043907144432425 0.008052719240301787 0.010751756339394535
0 0.3746924700824356 0.18689978333413929 0.005513354252708936 0.007361546858052632
0 0.37756751703348745 0.20966810611607517 0.006577182493818974 0.008781662623602342
0 0.39409903702462623 0.20434545657300732 0.007033905037130828 0.009391466373333332
0 0.410957266863637 0.20512919268101584 0.00781704211398201 0.010437087100430452
0 0.3943604049200737 0.2540743893521705 0.006751188274150334 0.009014328556646651
0 0.4534295513425376 0.18846781602049248 0.006746380677141794 0.009007571114159407
0 0.45630459830575004 0.19780283938177431 0.006717206440938284 0.008968617420031586
0 0.45297215753564657 0.21114954591319046 0.007488999999986545 0.009999094818448679
0 0.378090252880475 0.234705487148099 0.007266779521054916 0.009702392502625235
0 0.45414831309664294 0.22266821059590367 0.006101464905034332 0.00814680485085655
0 0.44846356117863917 0.23191840182004092 0.004735378199833746 0.006322538037604705
0 0.48374822829779074 0.2169980978174289 0.005740960363358641 0.007665452040124031
0 0.469242309593366 0.17354340706525787 0.009995023947125294 0.013345567805255129
0 0.4677394441373452 0.15809897980072599 0.011275230388129769 0.015054360529060794
0 0.49668593956368096 0.15583793302359267 0.007347413707673734 0.009810052921968824
0 0.5063565520267925 0.17145601023592327 0.006499886870365759 0.008678786107467317
0 0.5112572002307201 0.201380195298418 0.006533951279964886 0.008724270121511708
0 0.5307944510617538 0.13995870170127006 0.007920137902550264 0.010574737595560598
0 0.5430787426164231 0.14249013090052343 0.007207514450881126 0.009623626239860662
0 0.572286605978245 0.14353745405242882 0.006945947151128157 0.009274026460107724
0 0.5854203431809576 0.12146543187234045 0.006776435177563286 0.009048040794021765
0 0.5196209731889568 0.125738001134875 0.008039682080913843 0.010734753032207752
0 0.4766259528680675 0.09878014078694411 0.007966062758057543 0.0106364564503961
0 0.42239211267216054 0.05437575092656248 0.006761553261763994 0.009027828004461731
0 0.5061605260977087 0.09546716394500505 0.006744861271658037 0.009005880926950304
0 0.49230802714488026 0.08979631711594357 0.006746381502911913 0.009007572215933521
0 0.49256939508387526 0.10532455906567657 0.007305180016481321 0.00975403087182831
0 0.38954413717204645 0.0050602623897110744 0.00693000743188107 0.004551957000987533
0 0.43940656466862726 0.0036386843850834106 0.006027004128819197 0.0022285237041730207
0 0.491981317279945 0.056642481355898104 0.007657835673014798 0.010224905182312775
0 0.5387661722073414 0.07688567737505546 0.006053926507018747 0.00808302646085965
0 0.5596756045460954 0.054548187855972013 0.007869301403768462 0.010506861081270885
0 0.5577806872491625 0.07295803515735476 0.007022706028089407 0.009376865490252417
0 0.5477180229394192 0.10279401636126943 0.007579383980190577 0.010120154355366149
0 0.5344536018013357 0.025498756641869114 0.0065771816680488555 0.008781662624629158
0 0.5190982373765767 0.012237717255810326 0.006694032204807309 0.00893801323096078
0 0.5356950992826968 0.035095362267903614 0.006663349298131595 0.008897045203161147
0 0.5466072093138801 0.07321732375635268 0.008349151940517201 0.011147964718035919
0 0.5873806024483397 0.0469578153483545 0.008052415359205036 0.010751756339394535
0 0.6167844916935349 0.017993965199527298 0.007656720891813297 0.010223415656612883
0 0.584244187553294 0.008221398248381362 0.008409274153585963 0.011228241454584004
0 0.5707837404676215 0.06676136961467605 0.008300231213848284 0.011082227122091998
0 0.5450390018828438 0.06362363509320404 0.006676402147007609 0.00891413781771389
0 0.6033240446045939 0.03360943979549796 0.00818388769609783 0.010927302094408472
0 0.60319336067576 0.07016568329973842 0.0073007778695251555 0.009747786108556367
0 0.6175032534361043 0.06083140654700922 0.006926249380667196 0.0092477265708436
0 0.5754883627695744 0.02994768498229251 0.006857848059444463 0.009156744212503601
0 0.5636614651235515 0.037100011282605594 0.0077144913294627145 0.01030055236979054
0 0.5454963957454431 0.03125058414667122 0.009979635012366069 0.013325020948131266
0 0.05882935744122326 0.034391106212102986 0.010041426919878658 0.013407020948728691
0 0.05713046610399213 0.0931961649244337 0.00820681007431311 0.010957906284506096
0 0.09372197272220256 0.06318729452669719 0.006745114781210102 0.009005882028724418
0 0.09243514631137723 0.003850550227516147 0.005683736581346489 0.0025985843441402898
0 0.18848985115373407 0.005157482539238911 0.007660531791882216 0.004707601984147529
0 0.2089852186501573 0.038928878716426224 0.00947039884389751 0.012645077178010342
2 0.041840443630840454 0.383005655889195 0.014064852188285178 0.018779687982878126
2 0.15357522286076145 0.390853634572361 0.016166216350100168 0.021585474089568412
2 0.23969594739599756 0.4069096878789111 0.014241553261761903 0.019014906285016446
2 0.3573115044095593 0.3433906034779013 0.017797312964485307 0.023763349503607315
2 0.46538713295714473 0.5548747699715961 0.013454736581329459 0.017964372656779422
0 0.738451251246302 0.01572783575049276 0.0064709215524162665 0.008640111356258983
0 0.694018707542942 0.06964451700136838 0.006095865400489589 0.008139328555693767
0 0.7772643850871357 0.3650477262924383 0.006380803468219958 0.008519463065514689
0 0.76001410340803 0.4407758497999614 0.005593517753964676 0.007468300992715385
0 0.7444627130872083 0.3952358884063304 0.005227161849684349 0.006979416758068473
0 0.7170190830973787 0.38232290884839265 0.005803090834024598 0.00774840904089654
0 0.8273163387952003 0.47226822731735096 0.006841643270007839 0.009135106946069588
0 0.8882150605812548 0.3372170360360496 0.006561336911644504 0.008760835722811692
0 0.8315635672632973 0.34140471321999893 0.006510632535072411 0.008692807055878337
0 0.7966056100484469 0.35667499293221 0.0050205243600480115 0.006703510473850938
0 0.859399249071496 0.27414129114100894 0.006164118084196358 0.008230459757247795
0 0.8356801117100336 0.3205541705275252 0.006294336085842998 0.008404329658384294
0 0.769815399774068 0.353705738486297 0.006653090008228024 0.008883347299438722
0 0.8967095174946174 0.35021644323661744 0.006428558216372568 0.008583546857438907
0 0.34875170554333956 0.45019479327688305 0.007401556564826814 0.009882715546095778
2 0.28693819617710103 0.4782742602491901 0.014219951279921662 0.018986065049533544
2 0.4725094083755725 0.42661882156368586 0.018414848059437734 0.024586969129166174
2 0.565948434264809 0.5080936815458234 0.023728406275797507 0.03168147629539687
0 0.398999685251289 0.24832003030314007 0.004735377374063626 0.006322538037604705
0 0.40390033340421877 0.24482919892363966 0.005372163501255134 0.007173027562916016
0 0.3914853579723864 0.24308698295791198 0.003916159372411063 0.005228743109084017
0 0.2909893986543015 0.3096476733620877 0.0068866845582166575 0.009194900771518789
0 0.38828360115135246 0.2417773535154768 0.004450934764655717 0.00594275854445805
0 0.1632458353546351 0.42097237276872407 0.005259928158509394 0.007022902976347764