0 0.3895250986921228 0.999239650616564 0.006930917423631085 0.004702351709094634
0 0.43938102652109207 0.99783850651411 0.007109975227099804 0.007264509371994217
0 0.5419025870225497 0.9969692821414216 0.007216985962051024 0.009636272326144652
0 0.05255652773106535 0.44376084916991854 0.00854525020643861 0.01140979823657407
0 0.04798258942374837 0.45754534774280203 0.008416696118893029 0.01123772767324169
0 0.007993299997068286 0.4959294312657191 0.009880260115644713 0.013191835721697999
0 0.07738647869283227 0.45719630680280066 0.008501170933112798 0.011350943770592307
0 0.05595431049589128 0.4645232800733146 0.00926992568124161 0.012377400221272301
0 0.056607730266040934 0.47482059729648 0.007771026424434525 0.010375649393089485
0 0.011521766743263957 0.9855393902198417 0.007771026424434525 0.010375648290288553
0 0.06523287113510613 0.9192345101682032 0.00800059124690686 0.010682156560028664
0 0.092415133141528 0.9987903384187864 0.006095865400489589 0.0055407442115534755
0 0.1716096082469737 0.9522165915443097 0.0056542518579814054 0.007549392502003297
0 0.11868260759852779 0.9019585641207791 0.009072551610243208 0.0121138621832202
0 0.1884678381330889 0.9987051977787286 0.007687060280762994 0.0055559371549804525
0 0.22845712749050617 0.8956789799022273 0.00800059042113674 0.010682156560028664
0 0.20101349754009049 0.8740379570191674 0.010613596201464796 0.014170965821561306
0 0.24178689063537648 0.908767707316285 0.006745115606932156 0.009005880925923488
0 0.2399573152999526 0.9365093107843544 0.007597672997498585 0.010144191841330983
0 0.23812773995717462 0.9642535538690897 0.007061506193225417 0.009428672546925395
0 0.2504120314614228 0.964948701845788 0.008533572254332919 0.011393777286796086
0 0.2721055675725569 0.9551768580527592 0.008939820809253667 0.011936638367700142
0 0.28621943440660524 0.9375580744458467 0.006596627580497989 0.00880762513792666
0 0.29445252341543604 0.9297056694411341 0.006900310487181493 0.009213093715455986
0 0.08973611212239588 0.9657391085009098 0.005740960363358641 0.007665452039097215
0 0.0755569033493814 0.9161850110059881 0.005839978530128201 0.007797370452224354
0 0.04066428809334823 0.967657184413128 0.006392836498785272 0.008535529217809078
0 0.6309637005027429 0.6466905616558555 0.006815384805937314 0.009100045203801158
0 0.6314864363396366 0.49855301675593117 0.0064711651527269 0.008640111356258983
0 0.6401115771772188 0.5200123974515378 0.007770733278301259 0.01037564829131537
0 0.6343614832810753 0.5446178691416502 0.006123815028882846 0.008176647188283643
0 0.6305716486907185 0.5582253810525548 0.007401556564826814 0.009882715546095778
0 0.6330546437865827 0.5782911447867701 0.00739260033031804 0.009870385887694793
0 0.6150202583776353 0.6217349968869096 0.009072551610243208 0.0121138621832202
0 0.6439014117874748 0.7255487641362759 0.011819049545842923 0.015781046307205233
0 0.5500703340614119 0.5376352960184266 0.007797353426944295 0.010410800441697059
0 0.5586954748962062 0.5707863081881187 0.008501170933112798 0.011350942667791375
0 0.6005143396312972 0.555258625202382 0.007633554087517265 0.01019209922859168
0 0.565360356484431 0.5941693838613874 0.0073969413708141005 0.009876552369556459
0 0.6028666507774672 0.5905068274238275 0.0064711651527749655 0.008640111356258983
0 0.24054539308590625 0.7434437947600357 0.006197506193258868 0.008274729878055352
0 0.25302571054331924 0.7635073003388917 0.007450131296411289 0.009947198456463371
0 0.375476573828091 0.6839405039198031 0.008234125516061308 0.010993964719568618
0 0.38717278752028583 0.7697033427620785 0.0064711651527749655 0.008640111356258983
0 0.5270699584971218 0.641978489002983 0.007300777869573221 0.009747786108556367
0 0.522692046103075 0.5993979764525197 0.010584593724148328 0.014132240352805091
0 0.5708490824849829 0.6804543574306756 0.0063081238645976406 0.00842242337385441
0 0.5615705218599474 0.6632670854519161 0.006592495458304011 0.008802437706097812
0 0.5547749563435617 0.712385291495497 0.006286191577209094 0.008393456449869777
0 0.48250673073322786 0.6883928989447333 0.0066389578860253096 0.00886447739796641
0 0.48342151840142045 0.6617844186296077 0.006308123864549574 0.00842242337385441
0 0.4774100565957944 0.644684167491537 0.006676402147007609 0.008914138919488007
0 0.4896290061394469 0.6493084103643253 0.0064711651527749655 0.008640111356258983
0 0.5145242990361424 0.6174637623328424 0.007044822460772588 0.009406042998901012
0 0.5393542500006971 0.6323829864109677 0.006654624277477796 0.008885059537532377
0 0.5437321623644144 0.6466036616920061 0.006592743187417175 0.008802438809925562
0 0.5963977951604318 0.5955666352079847 0.006653090008276089 0.008883347298411904
0 0.6056763557266828 0.6192952234928456 0.007429192402978019 0.009919615214959591
0 0.5712411343273849 0.6454684504573752 0.007163817506188544 0.00956492061709293
0 0.5878379962534523 0.6266253415973654 0.0064880520230909755 0.00866298456476075
0 0.6418758105274373 0.5896354092679335 0.005925620974404514 0.007911715545622753
0 0.6151509422904152 0.5426129737864798 0.005178119735769208 0.006913674751947641
0 0.4319973831863083 0.6917121007241711 0.004450934764655717 0.00594275854445805
0 0.578951487533064 0.7893335179219386 0.006198650701896269 0.008276570010252601
0 0.7234225967680458 0.9864073862335023 0.010223076796044945 0.013650069459903135
0 0.6086820866418488 0.9724522617264613 0.00820680924854299 0.010957906284506096
0 0.47172530467524315 0.9087662412615569 0.007579383980190577 0.010120154354339331
0 0.48414028012529237 0.8806752309956831 0.006959194880262291 0.009292065049906682
0 0.7091780459703159 0.9396527732908315 0.0061240454169677015 0.008176648291084575
0 0.7986965532618703 0.8747430525559936 0.006745114781162036 0.009005880926950304
0 0.8623396380246724 0.8621784600900546 0.007633553261795211 0.01019209922859168
0 0.9429716365497915 0.8750941529736547 0.005593517753916611 0.007468300992715385
0 0.9676709035458101 0.9033581188817271 0.007037545829901009 0.009396326350296674
0 0.04563027828224088 0.9564847766751343 0.009281321222129456 0.012392149945513613
0 0.9668867998652838 0.924036876142411 0.005828270024768423 0.007781736493159944