2 0.9541485747587763 0.24040033389396284 0.01677643930635428 0.022400257993970055
2 0.9467720244136835 0.16279930403700474 0.02140979438483358 0.02858573428838788
2 0.8895299936845456 0.12477760577765361 0.018851668868703392 0.025170199559691395
2 0.9838023071887619 0.3798640920773411 0.01806396531794008 0.02411848070590768
2 0.9576893189941106 0.4348219246937264 0.018421891824962167 0.02459637265726349
2 0.8366401276066587 0.1700797248652252 0.017283158546677405 0.02307684013318135
2 0.8386317962378957 0.25792976505869575 0.01576028901730448 0.021042680264118947
2 0.7210495835132659 0.27546461746137685 0.017767535920757076 0.023722696802943387
2 0.7669317267542805 0.37237980494187384 0.01866299009082676 0.02491921940438507
2 0.6595291535461473 0.3938577588998775 0.022471253509495966 0.03000296361625293
2 0.6104013282053163 0.34165070229646355 0.018365092485570937 0.0245205369349795
2 0.7363928082908279 0.47835302410304315 0.017825568125515556 0.023801076074994387
2 0.7771113662293445 0.5033634568522495 0.014530119735758728 0.019400191841423182
2 0.9112170517089789 0.40390341091888743 0.022441331957054302 0.0299641411246315
2 0.9447065903072193 0.5920121546602647 0.01901419322872742 0.02538815325243109
2 0.9897209427668521 0.5723282466390989 0.017690093311328137 0.02722875523774206
2 0.8787602301595004 0.6599687230306068 0.018248578034703557 0.02436497023220296
2 0.8204854823188267 0.6339724488400309 0.021050181668061413 0.02810664829113156
2 0.7358026842356077 0.6089526698662763 0.019078902559865166 0.02547359536992347
2 0.537299714130111 0.7067461932938476 0.01550830883567293 0.02070624366004221
2 0.5356768730770305 0.7773626725484084 0.015221454170107623 0.02032324255781932
2 0.6023608883067044 0.7655446002672631 0.015586006606098043 0.020809982359088965
2 0.4854425651588574 0.866010081749964 0.01890470437653798 0.025241011025665415
2 0.4894259023243345 0.6591812317735026 0.018478516102385878 0.024671976846799896
2 0.45372339859376043 0.6522821592641409 0.015968224607762965 0.021321111355621734
2 0.4962123286676563 0.54493637205961 0.02022336581341221 0.027002667033759406
2 0.48839318530311426 0.46575311592409374 0.02149826011561437 0.028704931643250366
2 0.5574376966476361 0.6369233595755653 0.01889318744840391 0.025225633957609125
2 0.7557193702234368 0.8841306449364883 0.018085640792744148 0.02414742116883085
2 0.8855466564685994 0.7456499458451846 0.015713265070227966 0.020979893054965115
2 0.7548341841542571 0.780718965997022 0.01935750784476047 0.025845581036196587
2 0.6872649829136112 0.8209024568785561 0.01932977539222629 0.02580952480673593
2 0.24334418243932568 0.7960772706861089 0.016077496284093325 0.02146620507112806
2 0.4785086078126415 0.9231291972265026 0.01629533278281915 0.021757054023543228
2 0.5675435706119524 0.9429239840046508 0.01550772502066869 0.020706242558268098
2 0.9470670864500896 0.9239199869416843 0.017947246077621215 0.023963542446666607
2 0.839805874007894 0.9056107692354767 0.01752234434350959 0.02339532524819641
2 0.8238134999827941 0.831832230454588 0.017149328653974432 0.022897285557133294
2 0.8251263068063749 0.7878557205438417 0.01907823699424397 0.025473664828926292
2 0.9924883304870765 0.7948638986849536 0.013303928158548218 0.019187968026111446
2 0.9905399669376187 0.8832996307082613 0.01625851114779637 0.021708707828300592
2 0.2541436132053309 0.9925181280868796 0.011295082576353331 0.008450932745321714
2 0.14712125394831918 0.9228125923932371 0.013360365813366937 0.01783837045233824
2 0.9533039914831211 0.6480996597665049 0.01451853014038288 0.01938544873193383
2 0.30585153390102404 0.7644998201291264 0.012752170933096751 0.017026328555664588