2 0.5152438286095696 0.9307131877635187 0.015905406275826785 0.02123723483963766
2 0.43483942968800277 0.9165337566705266 0.014239072667213325 0.019012310914900625
2 0.6375470334833852 0.8477836605017675 0.016534007431888872 0.02207572546776265
2 0.6884452309670457 0.9543498380411551 0.016273947151115936 0.021728500551333633
2 0.6909532580588803 0.7662336742546504 0.016877959537551324 0.02253496030893879
2 0.8373040171853643 0.7567820662741427 0.015045270024784198 0.02008800551319924
2 0.9573942569360747 0.9222367080606216 0.019267345995036232 0.025725199558588346
2 0.9264127454110195 0.7879032647255665 0.015856666391420093 0.02117135942643539
2 0.8584009511655845 0.819224561057377 0.014981481420311886 0.02000283792742262
2 0.9918437454417659 0.7252336048224352 0.013276754748155027 0.026474460860860125
2 0.8955787649575443 0.8714192022303532 0.0176858340214971 0.02361450055172583
2 0.8064700366422464 0.8991999007122798 0.013996020644098755 0.01868707938232719
2 0.18315153150805977 0.9150526936380593 0.01617265565646351 0.021593259096088127
2 0.2671704400911128 0.8753626387147387 0.015504799339390404 0.020701557883526615
2 0.3686717730066947 0.7343234224573534 0.016681445086710187 0.022272579934624614
2 0.41374249565981297 0.6092456681766807 0.014530118909988607 0.019400191841423182
2 0.43852770487013837 0.5387270766276508 0.014648913294803674 0.01955953913986223
2 0.3444029223144537 0.4961800404424885 0.01432494962842509 0.019126255788081536
2 0.27985810668737965 0.48515273484913785 0.012487487200657975 0.016673556780555546
2 0.5349392180155516 0.2743780800462788 0.01621029397193381 0.021643513781783533
2 0.4600672318943212 0.28285256234770834 0.013917522708484311 0.018582972436075436
2 0.5344228595103008 0.10713880745203223 0.018379308009882783 0.024539518191621874
2 0.675536267838968 0.6323895517237641 0.015241599504512517 0.020350906285308425
2 0.6303180141286893 0.5725071122459122 0.015671758876935043 0.02092526350560564
2 0.6114340452272095 0.40595457026100373 0.019213046242762127 0.025652701212781202
2 0.5525691734011551 0.6507040368169218 0.017630417836481255 0.023539621829616917
2 0.7315242850075766 0.4000451552004953 0.019235689512791972 0.02568293384727103
2 0.876104672026271 0.3608522773448218 0.016098535094990048 0.021495105843485848
2 0.9949637995388272 0.5650072410977892 0.008112755573902996 0.01800393384841272
2 0.9933704267133683 0.2916884483069247 0.010719947151137589 0.022798576626347537
2 0.8018965754296722 0.20937849016492527 0.0143880809248332 0.019211271223268146
2 0.9487268102789239 0.20657227355411817 0.013988104872009468 0.018677213891535635
2 0.9007423502200516 0.1716598242268689 0.012777412056166934 0.017060028665309902
2 0.9936868846436661 0.08558290426608056 0.011243917423611527 0.015013116868798105
2 0.32685644311705814 0.9822218963258224 0.010363198183317346 0.013836641675795715
2 0.254115010312167 0.9980103476506955 0.011212332782838924 0.006629933847490259
2 0.44817172850907644 0.12571910175760795 0.016035067712642796 0.021409555678199382
2 0.3614071318315912 0.16109707293150968 0.014495513625094986 0.019353986770128204