2 0.30243962796725654 0.2509653669173081 0.013338587118067005 0.017809292172156727
2 0.3317128332644877 0.35402631821971314 0.01429236168455191 0.019082745314342644
2 0.5428981001266416 0.3730990434334487 0.016734174236185728 0.022343823593828617
2 0.4742454639306249 0.1660375165996422 0.019620976878630427 0.02619735722131247
2 0.3968805641041258 0.14602967370568457 0.01971976135428272 0.02632925137795319
2 0.9973601792973807 0.5287318660506964 0.0041615177539248765 0.019191363836662246
2 0.8899075547900377 0.6610545798809634 0.01856264244425891 0.02478429989000041
2 0.9006236388506564 0.47435449130520996 0.018941510322024627 0.025290154354993866
2 0.8663844433847202 0.8505525834788594 0.014858943022278843 0.019839228225344136
2 0.7696783186852068 0.84409631469288 0.01502581337737158 0.02006202866554326
2 0.7651043803449167 0.7531920514185528 0.01367579603631743 0.018260212788664323
2 0.6876087966213071 0.7756985959370005 0.014803113955423747 0.019765431091164742
2 0.48975329290585007 0.46424302901115677 0.014241553261761903 0.019014907386790562
2 0.5939084028628671 0.44470026259245854 0.014458158546660717 0.01930411135553985
2 0.6005732843993731 0.43423609559905796 0.0118421445086673 0.01581188313079774
2 0.6605572184999793 0.2183990247841296 0.01109156317094304 0.014809690186879141
2 0.35162035536454933 0.021750200607597237 0.013068395540893807 0.017448541344797532
2 0.1216165993179919 0.03675156205588625 0.015523876961202205 0.020727809260844724
2 0.138082777303209 0.21821653373568198 0.015444469859607865 0.02062178390303908
2 0.03536519082431342 0.06501886984816 0.015158767960381153 0.020240307607931364
2 0.1425260317015914 0.1299300209445573 0.01368130553259209 0.018266880925839238
2 0.10044579905759456 0.271608890595927 0.015541467382324571 0.02075129658263074
2 0.0633315566191692 0.3159261700361474 0.016636831544154698 0.02221385005537047
2 0.20629980037770212 0.37212123480433434 0.010725642444295186 0.014320564498383523
2 0.1430487675031568 0.38450981106592674 0.010664963666395792 0.01423954906285039
2 0.4597216654326851 0.00945763994119199 0.012830524360045828 0.011907947078232202