2 0.8608957173738342 0.5772556964248469 0.011709489677951946 0.01563416868797375
2 0.9823446703474783 0.39509640143857705 0.013661914946308359 0.018241678059610404
2 0.7211510110484505 0.1764061762299286 0.012589145334407496 0.016808660418542704
2 0.6070203593757422 0.1154492866636029 0.010853267547474139 0.014491512679393262
2 0.539935930590526 0.2699324937625619 0.013820985136263328 0.018454072766967092
2 0.36429669867889936 0.19077046032247463 0.011679958711844707 0.015594740903421892
2 0.10070716699197524 0.022396003145646496 0.013822878612727189 0.018455905181611453
2 0.4596959838497454 0.001153297957480611 0.01181352848883466 0.005223641676218336
2 0.029876464822271517 0.8705717137590658 0.01497799999997309 0.01999818963587054
2 0.036672030335196476 0.7021904283438326 0.01350237572253055 0.01802865711123967
2 0.36625695798156166 0.905468207587875 0.01474068703549598 0.019682078280351654
2 0.288500006425519 0.5088629366341226 0.014694828241117588 0.019620105843937648
2 0.3572397653102774 0.5992501358046733 0.016818548307171926 0.022456482910194826
2 0.0594110380584977 0.5322401876681481 0.012643293146181291 0.01688095589826559
2 0.021643375887269806 0.43155816773439387 0.010513359207275818 0.014037131202482138