2 0.1755890716045605 0.17560016896058173 0.008939820809253667 0.011936638367700142
2 0.23465821803380174 0.09655644897219562 0.009880259289874594 0.013191835721697999
2 0.1915325137935475 0.2998311761119778 0.01035584971097411 0.013827349503895282
2 0.19179388172773593 0.32686977066066786 0.013891894302256314 0.018548054025070013
2 0.10214469046202164 0.31309005593554484 0.01138676465728338 0.015203277839197804
2 0.10031511512703034 0.24015645156054868 0.010744327828232323 0.014346054024057916
0 0.43301216099173034 0.9420409457688246 0.007552044591253114 0.010083270121608114
0 0.4570166083519185 0.9176581434848027 0.00861545086705259 0.011503532524769992
0 0.40257795095244925 0.9018593978736439 0.010058952105690322 0.013430926130413023
0 0.7080345433707173 0.9340207102228996 0.011729691164340427 0.01566114333019794
0 0.5273153469738708 0.5723213318760004 0.007290593724173719 0.009734188533021505
0 0.5499481116153794 0.5451893059130195 0.009430318744833913 0.012591087100195648
0 0.5511483339635401 0.5870852998366463 0.008387232865406852 0.011198810363330087
0 0.471505006882687 0.5908632705916365 0.007992701073499007 0.010671621830281704
0 0.4981670895144174 0.5459909566206798 0.009264857968616182 0.012370633958431234
0 0.5201140127551295 0.5188643988673683 0.008443123864588304 0.011273438809182836
0 0.5272296167862802 0.5059318291731877 0.007404346820814912 0.009886439911232565
0 0.544461380791034 0.5008936157283735 0.00837144508670814 0.011177730980681413