0 0.9031666235869072 0.5119101671048141 0.00823642361685549 0.010997033075253914
0 0.898270333299083 0.4934702948651707 0.0076857448389606045 0.01026216979100561
0 0.963679749637884 0.4616211701457644 0.0074654962840773826 0.009967712237773815
0 0.9953543290654586 0.5197909078052495 0.008744595375715298 0.011852895258797503
0 0.9730956924976942 0.5228053330163479 0.007979822460772326 0.010654426680912717
0 0.9443456803476472 0.5104036175562716 0.009411402146993736 0.012566304299466993
0 0.8568053654179517 0.8077314174215514 0.007941224607777445 0.010603291069823826
2 0.9574818676674061 0.40822670026553964 0.019416399669724277 0.025924211687304678
2 0.8690464260213983 0.662545691105684 0.01981214037985817 0.026453589856246736
2 0.9627330949902804 0.6459700464781337 0.01790123699418662 0.0239021102533303
2 0.7469553911709419 0.6188783027373393 0.016441440957890244 0.0219529603085303
2 0.7340660150694771 0.7087500201755891 0.016232820809242016 0.021673589856533258
2 0.6733188628321737 0.7406148140122569 0.013773486374925075 0.018390651599246324
2 0.621283974037944 0.7219906533475813 0.02423518827416904 0.03235811907325716
2 0.4982381705832545 0.9402902728067803 0.02081417423614526 0.027790480706113768
2 0.5786774251949385 0.8563086865141232 0.017838146985948013 0.023816974641592985
2 0.6216420122720959 0.9394873760901432 0.01748328323698657 0.023343171995202985
2 0.718192987069203 0.8414886491568276 0.01744413459950383 0.02329089966845979
2 0.7659314170678863 0.7787072359396364 0.01823614285716635 0.024348367145233668
2 0.8982862144119635 0.917336561795131 0.016750388934767654 0.022365474089766548