2 0.025258520204186653 0.6987245685791611 0.021427278282427676 0.028610155457690307
2 0.24832540298603487 0.7316198744292576 0.021538715937198312 0.02875895038567475
2 0.1370870236107525 0.7672756255975007 0.020051194880250766 0.02677177287773727
2 0.04473261316035798 0.7588069172177665 0.019403943022260093 0.025908555677355716
2 0.029389388395437217 0.7800784207030292 0.02062192650701817 0.02753483241499949
2 0.04768323329548235 0.8466603661668636 0.0189867027250117 0.025351448732098644
2 0.009620233476256165 0.8730567393171402 0.018248578034703557 0.024364969128375213
2 0.038093717851557615 0.574833251946619 0.01669122791081178 0.022285641676231874
2 0.19137843424288217 0.6272309931157344 0.01607689017344006 0.021466203969353944
2 0.11112156637366916 0.5943346011104286 0.016465412056178137 0.021984138920319973
2 0.001732656078747282 0.427615809960798 0.00270336663916101 0.018465210584042616
2 0.11451477952982883 0.42355086223264415 0.0180084541700815 0.024044364939270237
2 0.18650991099486305 0.4481749117883721 0.017204275805119372 0.022971513781741736
2 0.15862655067439732 0.5370103791427964 0.018250962840639283 0.024368154355288867
2 0.19226362027711805 0.34711749573744416 0.0209680957885799 0.02799599117968055
2 0.26484887577627164 0.3634727398506566 0.017832892650717594 0.02381085556784959
2 0.12041601980896974 0.3215122276972548 0.019987385631717734 0.026687579933870192
2 0.5700905295191268 0.7984066238860952 0.015648828241114698 0.020894646086004103
2 0.6962295406157517 0.6404228600269839 0.019194189099937947 0.025628487321793573
2 0.6885579282340604 0.9073365553751457 0.015300608587968082 0.020428927232282363
2 0.5525343396935384 0.8864522126452975 0.01776508587941452 0.023719424476319268
2 0.5396991420588567 0.6634663421827006 0.020751063583845937 0.027706216097642004
2 0.47891636714639185 0.7917041010105245 0.01849430305531447 0.024693984565013954
2 0.44837744862775986 0.8858619020962235 0.017426153592095102 0.02326689305373333
2 0.43657496809701973 0.6827763463724754 0.017478533443405726 0.02333682910729171
2 0.40382308449080323 0.8576957889983499 0.016399184971096874 0.021895714443025016
2 0.3384668483095752 0.4184354566963843 0.01481731379024752 0.019784392502524426
2 0.38685701867001415 0.39183963790162163 0.016704263418659486 0.022303046307463895
2 0.5205201111323624 0.36760792672703946 0.018478516102385878 0.024671976846799896
2 0.5448627272852186 0.4282795811501201 0.01734854252681153 0.023163269019286253
2 0.455163874977907 0.3209271836438542 0.01669122791081178 0.022285641676231874
2 0.6450362811556231 0.2793670229854056 0.015461343517746164 0.020644313120822266
2 0.64828196331432 0.4054318341203732 0.016359319570581995 0.021842487320681784
2 0.5076849135345953 0.2573015870066419 0.01741865813377614 0.023256885336533337
2 0.3594162513658252 0.293938587775994 0.01802053674651751 0.024060496141417354
2 0.30778039885308206 0.323293891639881 0.015174338563172721 0.020261098125532614
2 0.6388399788318567 0.2012628907144743 0.01641311478115846 0.021914313120157545
2 0.6249720641784543 0.20796138630068914 0.015760980181703244 0.02104360088110463
2 0.6319797870122984 0.13074801109891382 0.014444483897595303 0.01928585336277674
2 0.48496513840126976 0.0394447231316136 0.016322023947163724 0.02179269129030464
2 0.6465115912151342 0.026836320368702447 0.017357922378219173 0.02317666593125827
2 0.5481084094549706 0.10878216836687749 0.01588957555741833 0.0212152987870551
2 0.35454772813602303 0.06643516792019351 0.013992909991755715 0.018682925027508655
2 0.3535150110487604 0.15606576818130835 0.011293166804288511 0.015078875413852463
2 0.28742111985450364 0.1637455604379009 0.012525374071011558 0.016723514883650637
2 0.19595189543219257 0.2414376854674753 0.021249074318725386 0.028371145534960607
2 0.23726057742741943 0.2166286123220325 0.01576866969446214 0.02105466152162444
2 0.6020692559157638 0.9873733964143886 0.016817213047078935 0.022453853362491467
2 0.5678169323690639 0.3254443790738973 0.016852113129646063 0.022501298787057925
2 0.4456065513997652 0.1844224327930805 0.01648531791907493 0.02201071664867584
2 0.0006784704100674374 0.20509186325042356 0.0010672419487797093 0.010060785004567219
2 0.1941443710959179 0.0907250958081035 0.017153665565667962 0.022903938258175615
2 0.5844060368325948 0.12004878614693387 0.015022443435181772 0.02005752811440428
2 0.7869363263234785 0.05821915985574862 0.01655429397192672 0.022102812567957836
2 0.928242079277802 0.10507270097814689 0.01370714781169482 0.01830207497238817
2 0.9923669131873383 0.18441929198830267 0.013352314616035529 0.019637911797161272
2 0.9846927728189112 0.05423712970374733 0.015659369116465996 0.020907933847381103
2 0.8412387904758749 0.36449066999901286 0.013419933938915425 0.017917905182525302
2 0.7408687413536884 0.38583599126568147 0.017425505367454148 0.023266904079689014
2 0.15869858681395785 0.18378939631455624 0.014131300578028054 0.01886770121297309