2 0.004144637145666893 0.7252067573432212 0.0065517638315670465 0.024904693494311635
2 0.003384369265224283 0.5649959852984698 0.005371102394726862 0.01762742227171327
2 0.12749750813298946 0.5847229461792482 0.013893786952901988 0.01855057993412938
2 0.168511128157468 0.5654144728229747 0.016428401321240006 0.021935550165347255
2 0.23143310267161954 0.5321224223721728 0.01773443022296048 0.023678493935536785
2 0.12380923300290912 0.49529375698285993 0.01425870189923504 0.01903780485075193
2 0.31950911391892917 0.613977843948949 0.012000901734102272 0.016023254686352503
2 0.30010878649580813 0.4978535577753413 0.01484153014033822 0.019816725468622415
2 0.34016345491834504 0.5010104997457306 0.011907132947990482 0.015898057331496393
2 0.11451477952103278 0.28994211756810134 0.014837862923212618 0.019811829107442856
2 0.004010898286332919 0.29167065779188733 0.00635545251858909 0.02204070562268828
2 0.0692227603454765 0.25330040695570827 0.016701656482243966 0.02229956670355179
2 0.1924111513152444 0.22966747761158787 0.014312250206420393 0.019110018742715378
2 0.12838269423052798 0.1831793340719834 0.014896418662237282 0.019890013229935673
2 0.3501217978882267 0.17136184731960427 0.014211533443445092 0.018975540242941336
2 0.3318279530158675 0.2533040103310557 0.014753100743154286 0.019697910694296595
2 0.24006366661333914 0.24306628209268705 0.011949100743175171 0.015954092613194453
2 0.2589476355064074 0.14417558517245435 0.01583468951282963 0.02114201543489194
2 0.12498948103846316 0.017132891310212565 0.011059906688650714 0.014766866592803298
2 0.5125534367467093 0.7859328855784012 0.01617467382325407 0.021595953693644216
2 0.9625967739533109 0.3685384115508153 0.013874975227097913 0.01852546306481008
2 0.8754797142720377 0.3405696970237113 0.012690619322862385 0.016944783903009443
2 0.9662112836579602 0.18297642690068996 0.018020535920747392 0.024060496141417354
2 0.03012704346369349 0.0498299273316232 0.011868683732463498 0.015846721057871473
2 0.06155114797551322 0.15284329607195601 0.015579134599508718 0.02080159095991834
2 0.011243074547457505 0.16919333806986353 0.015074175061947572 0.020126599780475884
2 0.07757309221363227 0.040868271229523745 0.015135792733262763 0.020208869901585342
2 0.12936928883992047 0.10444455796415283 0.01702866804291718 0.02273703748596444
2 0.28595133941645773 0.05392973207536974 0.017952084227883844 0.02397000220580624