2 0.1665932250376037 0.02679437433719602 0.01162365730803823 0.015520154354763201
2 0.18267410481242888 0.1296267682160718 0.016589203963687214 0.022149422271700848
2 0.5652220063113387 0.219248453904736 0.014530119735758728 0.019400192943197298
2 0.9716699309014538 0.008087443510253216 0.014850151940544223 0.01982749062831603
2 0.9920984891038134 0.24782011765666315 0.013627867877785605 0.020621746417048746
2 0.27547110830236404 0.08638500904535018 0.014045941370739706 0.018754438809278323
2 0.12174379886419287 0.05397857911884785 0.012215249380702422 0.016310059537345087
2 0.8249982835089616 0.7195439160716245 0.01963214946326836 0.026212273429475453
2 0.8476181367356357 0.7215656212950998 0.019004488026440253 0.025375192943865962
2 0.7399303187265481 0.6867365140402166 0.017044647398841598 0.0227583726568203
2 0.3561504165002977 0.6870250385275157 0.016689734104057524 0.0222836482916705
2 0.4598337628960942 0.6390458623896114 0.014637742361705982 0.01954388643831606
2 0.45734449675957295 0.6988709114795877 0.014895771263462579 0.019889148842448898
2 0.4665439586116856 0.9162033909260241 0.013928673823243337 0.01859785887580098
2 0.9483793011818348 0.8809494036696481 0.016571406275803002 0.022125658213624028
2 0.3483395001812185 0.4077712574392524 0.013537775392222666 0.018075925027982404
2 0.21598470286723045 0.4135116083103888 0.015542507019022005 0.02075190187453435
2 0.2929629213388157 0.30260806519008326 0.016852113129646063 0.022501298787057925
2 0.4977607862589555 0.4574941021319409 0.017047058629228878 0.022761593165149238
2 0.5413221036865353 0.5242578462947082 0.015514405450032305 0.02071516207278662
2 0.6530300300225825 0.6297552795729537 0.020540010734931523 0.027424424477003703
2 0.8075831973073796 0.7749087411146344 0.014114632535111358 0.018846157662028316
2 0.8599761242858206 0.8082136322642536 0.014731386457443003 0.019668918412051428
2 0.740570376122793 0.9053349872545854 0.014250740710173716 0.019027175302714798
2 0.6276093160251577 0.7679072611286514 0.019339957060315435 0.025822147739334434
2 0.9972646660905413 0.6184898187132201 0.004294960363325836 0.01887489966904414
2 0.7945744751183151 0.3516891103467874 0.01786527415359905 0.023853194045545707
2 0.939579956406346 0.3929566479418447 0.016004838150253782 0.02136919514893204
2 0.9562287338731813 0.4914374623166309 0.01823145582163391 0.02434210915040418
2 0.3446696084025885 0.15344846795303818 0.011122260115614652 0.014850117971601073
2 0.2811774964030301 0.5882275097530084 0.010930432700209818 0.014593995590062756