2 0.6305395754434966 0.5742290814406144 0.01457154830718916 0.01945624035262516
2 0.7326345958055399 0.6047706985425167 0.013889189925687703 0.018545140021469324
2 0.14230182792326745 0.18962646058587052 0.014595056151948919 0.01948689525924385
2 0.3101000226505368 0.14054309831811024 0.011848232039603428 0.01582000992346099
2 0.30940304155829484 0.23918354075993467 0.01285169611887431 0.017159210583718765
2 0.22471984048200191 0.17334450197805545 0.012855935590414747 0.017165518191241572
2 0.2146136148808321 0.2675654743330876 0.013406699421959002 0.017900233737130414
2 0.39147256359162463 0.35364763600014504 0.012016156069389494 0.016044227122981203
2 0.4395642580292791 0.11494856198085215 0.01359113047069014 0.018146482911351104
2 0.4923605747454785 0.3803969678122965 0.014706961189098287 0.01963630760788852
2 0.06476268289751289 0.18148540986995515 0.01372893476464788 0.018330474090459525
2 0.11773324488766197 0.7221563862320426 0.014427133773751157 0.019263414553106817
2 0.018936176930600738 0.8957181399885273 0.010598925681229878 0.014151377067413456
2 0.026254478291282315 0.7796166915438305 0.016271187448429987 0.021724814773961293
2 0.1790675798224452 0.6574786063735482 0.015435621800167604 0.02060996912945526
2 0.2408375279650782 0.4981242858957758 0.010473575557377896 0.013984014333534859
2 0.39748402537119903 0.48450898283285465 0.01348972254336414 0.018011762954647906
1 0.5840135866226333 0.12288370099156898 0.07039508835670578 0.06560651378145456
2 0.8115779088618208 0.21475215263196495 0.014706962014868406 0.019636306505087586
2 0.8896397896497268 0.24070279224433802 0.00904230553259601 0.01207302315335191
2 0.9542847847226953 0.4050628485829624 0.011853801816664206 0.015826851158282723
2 0.835798001305787 0.3543372292825264 0.01655542774569677 0.022105157662844318
2 0.9370345029994652 0.29222444637012157 0.014368092485549332 0.01918458103591447
2 0.870995545821081 0.42320585739413785 0.013807798513637365 0.01843646637245175
2 0.796941306198425 0.5825688143331628 0.013939621800139183 0.01861177728836894
2 0.8356237560793743 0.6074552308653031 0.017635824938078238 0.023546840133024285
2 0.7028488605261091 0.19288723101549862 0.012589145334455562 0.01680866041956952
2 0.5482061836924473 0.9699329286156574 0.010478976878584043 0.013991751928855855
2 0.9622396433776038 0.7293245697336511 0.01068350041286503 0.014264298786738808
2 0.7518974987612722 0.8068641621789915 0.0103979917423562 0.013883094817744988