2 0.5086864284577132 0.8130239209503165 0.011741674649035043 0.01567773208383557
2 0.47645188484139606 0.9064269577889255 0.011642345995055842 0.015544521500168587
2 0.36068186451979733 0.9119192400840425 0.012729334434349026 0.016995835721763847
2 0.6351555737967293 0.7280422036937523 0.013550715111505584 0.01809320176408401
2 0.7465362095034279 0.7344545077095106 0.01223491742363135 0.016335706725560516
2 0.7030538677188035 0.562665333177652 0.01282603385631175 0.017125592060806074
2 0.734191065157591 0.4850126062802223 0.012788320396337382 0.01707459426697553
2 0.6938635936149371 0.3782383710384172 0.013847360858777545 0.01848928886440058
2 0.7660141039272873 0.30480441926283375 0.010297674649042438 0.013749154355446783
2 0.7887840368046193 0.38190429538484283 0.012182060280748629 0.01626574531476842
2 0.8516071047280603 0.03869642377569204 0.010890849711008918 0.01454114553425153
2 0.9417266584204127 0.06250551391224549 0.010684644921550497 0.014266363836931683