0 0.7436127582972836 0.0018021592443198985 0.008535480594562796 0.006414234840496964
0 0.8179359338934588 0.0565234304712767 0.007665212221301763 0.010234751929595755
0 0.8350938741614908 0.07954382674733655 0.00754947563997469 0.010079839029642029
0 0.8447190602354703 0.11452368538017572 0.008710624277466734 0.01163060970238873
0 0.9380415160426967 0.4432900714397414 0.007267699421950232 0.0097036207271401
0 0.9538603000344096 0.44641713820328033 0.006254141205597998 0.008350661521430446
0 0.9516841710512822 0.47782068241946196 0.007205474814163593 0.009620902977694882
2 0.0008580963018974774 0.8156238430977492 0.001355848059453867 0.011360721058872463
2 0.07766336535178986 0.9835229109605115 0.012866772089161604 0.017179985667241052
2 0.11862718391457718 0.9906894657339864 0.013179547481414186 0.01162147298742747
2 0.15110201574496704 0.9930045102715755 0.013387060280743922 0.007579296581907138
2 0.14094662168647704 0.15469064231645707 0.020077780346837184 0.026808276736560506