0 0.9629963220247667 0.7252618761449773 0.005685142857141018 0.007590637265066919
0 0.9753165601134188 0.7258182843508406 0.00563988934764577 0.007530499448899134
0 0.8924823021971867 0.7467966858500896 0.006056895127958709 0.008086988974522796
0 0.937641629117578 0.6084242219140275 0.0065621866226564666 0.008761640573423582
0 0.9991511577122859 0.5022915059499352 0.0013235483071893687 0.008185484013268612
0 0.942626266543337 0.3602884030585663 0.006994954582986681 0.009339459756925258
0 0.9105609124691728 0.34876441877733716 0.007698620974376927 0.010278975744059159
0 0.9854792686641961 0.20026159179094016 0.007351166804314958 0.00981543439850129
0 0.9339961480300467 0.3545275589465569 0.006762971924014181 0.009030062843898625
0 0.9804946312291123 0.26204685031209457 0.0074394772915149605 0.009933347299350005
0 0.9732036690541461 0.2920458405653411 0.007246796862113818 0.009675712237399494
0 0.9539346976476701 0.2313550547455348 0.006217195706018635 0.00830133076112352
0 0.9633087918351149 0.2324467584020494 0.00674166061109298 0.009001608600156114
0 0.9560178296526504 0.3337663216352085 0.007018653179202029 0.009371100330382355
0 0.9450069888397143 0.3343621486974541 0.007112656482201205 0.009496613010320537
0 0.8882416405205167 0.2890650354071121 0.007679905037137639 0.010253985667069337
0 0.9954485434253506 0.4912123801330435 0.005696909991698609 0.007606635061159417
0 0.8999034601005492 0.367912186394921 0.007066524360028213 0.009435372657112803
0 0.8750174719072966 0.29488259313942283 0.00753665483072377 0.010063100329989439
0 0.980852669570547 0.3255182597170098 0.006330427745655932 0.008452201764229705
0 0.9888562209752595 0.33268376146653683 0.0065884690338201225 0.008796732084129453
0 0.9454016447107925 0.227335036919137 0.0045674599504385155 0.006098340684393998
0 0.9047953912107356 0.30200777128708467 0.006897620148608779 0.009209501653572887
0 0.8826914653213753 0.30266765729126816 0.006972408753109928 0.009309357222140886
0 0.8944849337237843 0.3105906005168401 0.005539023947154505 0.007395543550298258
2 0.053697170889655685 0.053168276419335324 0.017436142857140353 0.02328023042985728
2 0.1281105747669347 0.003208675258510562 0.008088687861280194 0.0016028158769192218
2 0.11859906912668056 0.9983586126459966 0.012482979355895589 0.005976137817070266
2 0.15106120154376562 0.9956265390422421 0.01356981172588593 0.01053872105871895
2 0.12408898856265325 0.2332807587646564 0.01486804954584382 0.01985138698964654
2 0.12026991414110592 0.1413391953274657 0.01384620231209618 0.018487046307410795
2 0.23603560704842494 0.07536842791690125 0.014355303881092737 0.019166783903044667
2 0.2754198118400607 0.02213701336052117 0.019428133773717424 0.025939877618354763
2 0.04400777214835071 0.4307112436240504 0.015382222956220267 0.020537896362126138
2 0.07909551826561398 0.44138690035958605 0.015803637489698392 0.02110135170929914