2 0.128052798471845 0.008182563462685855 0.014826682080921558 0.018193339580893846
2 0.048681116632878406 0.04393895954723329 0.015648828241114698 0.020894646086004103
2 0.0011475305335402403 0.24786264965538646 0.001817156069342533 0.01328801764062346
2 0.09515338387946129 0.22358470007596495 0.015993341040506447 0.021353843440163098
2 0.020207632272237024 0.29251887376883295 0.011389546655666416 0.015206990077631608
2 0.08961809765880899 0.7114438429729482 0.01547729397190867 0.02066561080568779
2 0.1425420604705327 0.6844200265266273 0.014560717588785074 0.01944104630639725
2 0.23226387069162027 0.694833927801189 0.01986155161022883 0.0265195644989429
2 0.35845884133466194 0.9763223973206576 0.01670516763006673 0.02230425358286832
2 0.4259152125805508 0.13911270994750544 0.014101029727469535 0.018827284454206845
2 0.7513719595008658 0.44139983845092234 0.016951545829891244 0.022634062844163264
2 0.3453566118775179 0.8104488011172335 0.017059393889302638 0.022777206174076393
2 0.459272440580492 0.7287029526622549 0.016719102394700966 0.022322859977553736
2 0.3090754050403275 0.4233909384896845 0.015514405450032305 0.020715163175587553
2 0.10559034691656333 0.4882430534813935 0.01427516928159891 0.019060507167208748
2 0.045678617227664885 0.5774778345807188 0.01432351857967118 0.019124343991279602
2 0.007048669521882207 0.6186074683321547 0.011632558216333534 0.021266760749181747
2 0.12540179540180738 0.41239011263867065 0.012330936416158796 0.0164645281142854
2 0.0689511018800207 0.3536758504863397 0.015106120561522567 0.02016925248147996
2 0.21192769987462895 0.11920315231676105 0.01900043848058529 0.025369788312621194
2 0.1450938977964717 0.17258532118368503 0.019428867877777867 0.025941835721500852
2 0.3358089258596028 0.05482245317342986 0.01654568786130492 0.02209132083700898
2 0.01769196260959859 0.48729103081988 0.016393477291483615 0.021888093715851927
2 0.22010290602547586 0.47024287073539267 0.01748165400494213 0.023340995589840045
2 0.2701089115353673 0.5798708272157309 0.015827647398845436 0.02113261411239649
2 0.9640765019044457 0.8422341168536718 0.014630485549173068 0.019534197353574118
2 0.9489195503589207 0.7353174664683911 0.017582395540876813 0.02347550275730423
2 0.8859048226892369 0.9391200157373224 0.016077648224593635 0.021466409041040066
2 0.8496236158552188 0.8540351309802264 0.01966278612715385 0.026253180815545635
2 0.6899385673135656 0.9668570552791378 0.021804759702689462 0.029113080485004113