2 0.26992754972555033 0.07212788129354752 0.016286211395536224 0.021744875412931318
2 0.32360911529325104 0.20435251945849456 0.018186933938888747 0.024283579933686055
2 0.46733717792573237 0.13556756773119527 0.017658905862906714 0.023578544652506365
2 0.5179883324963458 0.06591344593645226 0.015964546655673876 0.021316200662137328
2 0.6205893892983843 0.08426968268269741 0.018152806771289276 0.024237100330675318
2 0.5595482542715651 0.16461226590544545 0.017311922378207823 0.023115245865651765
2 0.6054373345466432 0.27732200242472194 0.01531965565647773 0.0204543583238828
2 0.008590737229448064 0.3224159671895231 0.015188550784452153 0.022050028665827087
2 0.1815044871095182 0.19625753173738095 0.016689105697755235 0.022283647187842752
2 0.3146261114138871 0.4382243537895439 0.01368015854664433 0.018265348401171173
2 0.4001269919925056 0.39827346608510944 0.016209183319582904 0.021642844542828128
2 0.5347638217564369 0.23273809000443105 0.012951800990901645 0.017292867696001024
2 0.16067041175428035 0.5729782754604632 0.015730475639979393 0.02100287320846004
2 0.35034166908721825 0.7570762865711517 0.01565936003304275 0.020908708930582366
2 0.3673336162610813 0.8797626106434039 0.016905267547512648 0.02257227122397578
2 0.3198211015919054 0.908661252789224 0.015628502064399516 0.02086672105835679
2 0.30650893920465566 0.8239862791569585 0.018042777869527394 0.02409019184123228
2 0.4560813657997786 0.9559192825889147 0.01852511643270772 0.024735127894008634
2 0.42447850865201947 0.7478255210156822 0.014300436003302462 0.01909424476284439
2 0.2604034010098453 0.6757195266969954 0.015077658133778543 0.020131250275576194
2 0.2056395457794603 0.7683414867878897 0.012261915772105086 0.016371754134667352
2 0.1455724714335414 0.7088072804719735 0.01307735590420511 0.01746050496159538
2 0.16148212896481165 0.47102208229145315 0.011191207266704532 0.01494273649325313
2 0.13182739312771105 0.3211066952424972 0.015282909991729137 0.020405297684087907
2 0.043530387866686074 0.06444378453178502 0.014473879438508487 0.019325102535677128
2 0.09568462268958672 0.1758297373547887 0.015704191577227435 0.020968567805884297
2 0.19999309237629198 0.5115725044961998 0.014498896779558635 0.019359234840606053
2 0.07742467318870308 0.5611295837933626 0.01451853014038288 0.01938544873193383
2 0.5341621027400173 0.48672313765081543 0.019193579686204207 0.02562670893001944
2 0.8902012814308053 0.7815916849281782 0.017218306358366464 0.022990246968756633
2 0.7844606588277285 0.8638168026106853 0.018227644095794873 0.02433793605207707
2 0.9843653346662595 0.03616999070311033 0.020192369942216497 0.026961280044287345
2 0.732485443084725 0.32482009394301764 0.015993553261744807 0.021354930540043636