0 0.5450455732541705 0.18763249867843196 0.009546260941382589 0.012745889746753423
0 0.5618210624903248 0.17997567745206966 0.008519208092457046 0.011374598677047295
0 0.5652843893125048 0.28270901716699315 0.013524213872798415 0.018057816979180623
0 0.5792459255325878 0.05164934205796976 0.012110042113993044 0.016168975744646992
0 0.6178836652615495 0.08922562485431396 0.009297617671328338 0.012413908490272445
0 0.5545697219358929 0.07404473938906304 0.013670649876107456 0.018253340683631034
0 0.5616046045687662 0.0451479136888369 0.011429306358375073 0.015260077177114629
0 0.5078148100424972 0.05627155425632835 0.01314881750617813 0.017555918413098354
0 0.5262137337081256 0.04326948887527876 0.011359401321204719 0.015166742006335264
0 0.5851985184650931 0.030696958666944583 0.011720751445089843 0.015649207277262486
0 0.5945062092818304 0.06725906847350817 0.010337990916581727 0.013802983462317644
0 0.541186437038499 0.005120056181275332 0.010241379851396915 0.004561203969344743
0 0.5275219040107144 0.008981407270895147 0.009816898431055614 0.011946760749499814
0 0.5276207102256063 0.019140687864581833 0.009524148637453874 0.012716366041784381
0 0.9314229705912279 0.37418137241232946 0.012860104872023765 0.01717108379240336
0 0.9772038218271796 0.3092968752258586 0.013940966143703486 0.01861357221599615
0 0.9098854069876801 0.26537576695552967 0.009582639966937955 0.012794944873570475
0 0.846787921630206 0.27339887685453584 0.007838198183274357 0.010465334067911797
0 0.8545262924713024 0.2798244798198638 0.010451241948787573 0.01395419404699232
0 0.8204341691990386 0.29246466810062377 0.012574137076789331 0.016788622933258165
0 0.842621106578029 0.2847382755726247 0.0101529710982737 0.013556461961983058
0 0.7907253189041632 0.3200715901545745 0.009039856317119703 0.012070207277471004
0 0.8289301427846242 0.30475406826174967 0.009083801816695568 0.012128884233575409
2 0.7455397269146942 0.24239202620627928 0.013628687035495416 0.01819662623982281
2 0.8063102895594402 0.32894452186167866 0.016601066886857658 0.022165261300397747
2 0.7736251427654833 0.34281742654108294 0.01632787283236187 0.02180050165405807
2 0.7016528825004797 0.3490318310916292 0.016023132122230572 0.02139442557902327
0 0.5769190027686216 0.1658812471754775 0.011433999174202214 0.015266917310162244
0 0.8711394382801066 0.09832681638579878 0.010746464079236696 0.014348906284155038