0 0.76684455365309 0.11199154322730766 0.010464306358349126 0.013972163175734822
0 0.7436974080048562 0.11141697423740023 0.00924262097440883 0.012340942667766404
0 0.7287803585323852 0.1257230925323419 0.008145719240296518 0.010875928335820038
0 0.7496985198536151 0.14209353386772572 0.009293369942230905 0.012408703417735957
0 0.7413826934631524 0.14964611761892152 0.00812403633360944 0.010846976846941185
0 0.7124916264414037 0.15285439526943578 0.009894316267525172 0.01321060308732725
0 0.7212361036826765 0.17219788633192487 0.009355199834832524 0.012490790518043849
0 0.7094053403634641 0.18455840977239438 0.008471251032211373 0.011310568907993302
0 0.6934595289186387 0.19887143166791216 0.011219426094137923 0.014980415655495117
0 0.6765706856423777 0.16510043743496725 0.009001259289798808 0.012018220507372437
0 0.6663687954667643 0.1798649552907659 0.008247937241909083 0.011012405733133295