0 0.3915246052005729 0.9930136610682984 0.00972988356727127 0.007727480706036945
0 0.3927359319004864 0.9304637037681738 0.008229786127153553 0.010988584344810266
0 0.46474927392471765 0.9231349035795643 0.006520905037153694 0.008706522602362038
0 0.5167360484432703 0.8290060095770373 0.01011703137900914 0.013507965820725462
0 0.45418731709308713 0.7711270802604012 0.0070264442609165485 0.009381502756875628
0 0.4684528172113525 0.7464056924763808 0.008609972749802136 0.011495785005267427
0 0.45679351423261805 0.7330363832728356 0.008731161849698226 0.011658031973975497
0 0.5262006590916032 0.7183806570934783 0.0064042097440240925 0.008551036383517193
0 0.4908112453017134 0.7088572599503079 0.006427668042961219 0.008582359426290355
0 0.4770944182715159 0.6927456502651728 0.009086298100732214 0.012131760750158947
0 0.49369177900162053 0.6914622752609958 0.008343620148641585 0.011140158764459398
0 0.5263378273833752 0.6991531774401665 0.0077448472336706 0.010340693495066913
0 0.5363511111595746 0.6943928484087184 0.008543840627563606 0.011407917309983693
2 0.33828012848716665 0.88359461568374 0.016679845582197775 0.02227128335185423
2 0.34116066218563185 0.7621668344096598 0.014549637489679518 0.019426984563593104
2 0.5562405103402678 0.8614362489900325 0.0177381123038521 0.02368430209540184
2 0.6246874773461801 0.8509969368973355 0.01765305697770857 0.023570735391553865
2 0.8975151674401397 0.6865295837484423 0.014925521882739254 0.019928121279058474
2 0.9584178794842059 0.6566792728529284 0.016101336085893564 0.02149884564475523
2 0.928652364810145 0.5647376081387717 0.014014820809265357 0.018712885335884586
2 0.13376223716118107 0.9583158110747937 0.015949313790265558 0.021295060638786018
2 0.37353237403868556 0.7945838151787138 0.014824330305550278 0.019793014332668522
2 0.386974864529127 0.7487964590029769 0.013966936416213395 0.01864824696857782
2 0.8515459606836379 0.6253240677110169 0.009511027250186679 0.0126988467469795
2 0.8863524093384844 0.5846901886809983 0.010047634186616904 0.013415308709255324
2 0.9388192727721818 0.25698167651731524 0.01174597192405124 0.015682879823045403
2 0.850688658986584 0.19917467812665604 0.010471327828224533 0.01398153803716881