0 0.36489077300582357 0.21039365168636234 0.005917121387310987 0.007900665932085443
0 0.3798421144750893 0.15627596166514707 0.006474574731642105 0.008644664829520893
0 0.34561863096566825 0.13768785330338573 0.007007410404632678 0.009356443219856167
0 0.40412089836734294 0.1121419494070088 0.008397250206443895 0.011212186329272117
0 0.37298370097748645 0.1000520559643881 0.0070264442609165485 0.009381502755848812
0 0.39355894153907706 0.07313116484905913 0.007686031379029047 0.010262551267714524
0 0.4164660426812642 0.10463057343808004 0.006994236994232493 0.009338501652922429
0 0.4456828843067672 0.0656235652114239 0.008374815854668066 0.01118223043004628
0 0.41385984554601113 0.07514673881561319 0.008229786952923673 0.01098858434378345
0 0.4039837300555275 0.06489137451286615 0.00853535012384526 0.011396151047319076
0 0.4001430185261958 0.05921282085806723 0.007974356729977532 0.010647529217618894
0 0.3915014174541602 0.0011549713213280122 0.00955335177537123 0.005264065049736542
2 0.19795698776364737 0.0495265552223698 0.019021709331155167 0.025398188533493477