0 0.2886252145577183 0.4641454524854496 0.006791998348471845 0.009068819183893214
0 0.30481107049912154 0.4714688286595991 0.008068175887682072 0.01077279933782699
0 0.2888995511303514 0.47367088569691684 0.005708359207259683 0.007621921720075634
0 0.2762800702219752 0.556443674409764 0.009940678777879151 0.013272504960910685
0 0.2498065939971571 0.5974696970882578 0.008922984310482343 0.011914157662889792
0 0.3079659407316229 0.6038786311199541 0.00950689760530306 0.01269381036396655
0 0.3190765706118112 0.600031885094612 0.009909975227094652 0.013232007718212747
0 0.2740853778859981 0.6183508343516121 0.007386459124708682 0.009862556780432788
0 0.34952792667061466 0.5375802695172066 0.00981459289842649 0.013104652701502269
0 0.34170933526014513 0.5679861170310597 0.007587488026425095 0.010130974641757736
0 0.3484305805122633 0.5852006228061551 0.008100756399672244 0.010816300992238877
0 0.36228457584331725 0.5800719856702473 0.008397566473996304 0.0112121863282453
0 0.35734651806786605 0.5945401051017027 0.008543840627611671 0.011407917309983693
0 0.3277181716499605 0.6339168458891562 0.008012016515230605 0.010697813670724926
0 0.2965809742693326 0.6557080362694463 0.00955427415362497 0.01275706945999619
0 0.27312519997558277 0.6716435137672028 0.00845085053676224 0.011283754134938827
0 0.28231547415688324 0.6758552573933425 0.008748383154413139 0.011681026460802081
0 0.25227562286856436 0.6963653783935154 0.009730249380694377 0.01299154685857442
0 0.26942165671413437 0.4445501291639733 0.006255600330295636 0.008352609702448598
0 0.20797027150350897 0.7397759656884935 0.006697156069328059 0.008942184123686026
0 0.19260742522251825 0.7577225041463806 0.007462761354206621 0.009964060639015828
0 0.19727114638308652 0.7536934323756737 0.007462479768806959 0.009964060640042646