0 0.015461490626722224 0.4497666131271729 0.0072974252683636566 0.009743676956254237
0 0.14707079755128297 0.5186229738824751 0.006425572254356231 0.008579560088316162
0 0.004163575658138648 0.49777195469169266 0.007100149463240402 0.01124707607464103
0 0.009435287164418453 0.5097846419457038 0.007659699421946627 0.010227007717469167
0 0.014196731875655198 0.49637275451615603 0.006649328653981738 0.008877990077339038
0 0.10429219298172761 0.6211386023380906 0.008273866226297551 0.011047025359016992
0 0.10347381967455756 0.6340491331327202 0.006748479768779193 0.009010373759509579
0 0.09223978612681545 0.6300772039595552 0.007510838976072595 0.0100282535835887
0 0.08777593170654323 0.6394132344029606 0.006799140379823356 0.009078014332928428
0 0.08561840210560615 0.6622611867662318 0.007476863748973434 0.009982889747121828
0 0.09982833858577667 0.49448352428964343 0.005655960363332446 0.007551958103681675
0 0.12073405660933244 0.5121645200432842 0.005458772089216984 0.007288668137310687
0 0.13591116155849764 0.4926976536543344 0.006815145334429212 0.00909972767414404
0 0.14059820866906703 0.5021332511483243 0.00619245334435139 0.008267982359749676
0 0.1525018203746036 0.4967689352118243 0.006025744838952329 0.008045398015138728
0 0.028403180955959565 0.7724185679477559 0.007334495458269721 0.009793174200482839
0 0.21573336403164206 0.8083714218717787 0.005802085053661729 0.0077467761849604605
0 0.3217686504651627 0.9359516908467029 0.005360493806754504 0.007157444322426303
0 0.3130824431904567 0.8882170728435524 0.004945891824945835 0.006603610804540649
0 0.35299132845844594 0.7459366683424127 0.0060565326176641445 0.008086810363898137