0 0.3155894379819702 0.529874051818388 0.006721690338559474 0.008974606394069527
2 0.1719475282657227 0.11808176471748058 0.01576212716760294 0.02104592613070842
2 0.02386888554193807 0.8079745887728386 0.014800280759725904 0.019761648290927185
2 0.06265635995945489 0.7743528889432599 0.015045180842284234 0.020087887541223585
2 0.05084109852881833 0.9394361349839261 0.0146849025598428 0.019606854464723232
2 0.12943333886590888 0.9976216546858454 0.0037513724195157214 0.00029189195155341675
2 0.23439536208935194 0.7314959514758815 0.019108793559052744 0.025513506064226373
2 0.456140369729525 0.8704455860735398 0.01840407844754182 0.024572589856704907
2 0.6109322291185282 0.800008117247993 0.015205270850549903 0.02030163505982275
2 0.6695908250565091 0.9122736772282055 0.01817756812552507 0.024271073870262276
2 0.300453414674656 0.3842725189117244 0.01625851114779637 0.021708707828300592
2 0.4559016775358203 0.3430039099773932 0.017450664739907373 0.023299620728097784
2 0.3995703300872616 0.24165689857017408 0.016425841453336764 0.021932132304938717
2 0.47428097309584866 0.5495160640840642 0.016413698596210766 0.021915917309430297
2 0.3788637860292072 0.44976418516306 0.01610597274978518 0.02150422601951358
2 0.2734215286307338 0.47621697180338673 0.01671015524361544 0.022310912899689415
2 0.3413294454144228 0.8071863078147732 0.0193980553262028 0.025900694598108037