2 0.48860202781661105 0.2923507460402253 0.01387235590417867 0.01852266262403495
2 0.5562869110029317 0.2991394395534413 0.012743490503741002 0.01701473869904958
2 0.6214302669990747 0.2898514862300658 0.013263121387307186 0.01770920066066423
2 0.34025709597935283 0.5056826663722079 0.016098450041292612 0.021494991179912985
2 0.376707947141832 0.4540738012783369 0.012697071841451501 0.0169527596468568
2 0.4206496153792892 0.38129479046644027 0.012743490503741002 0.017014737597275464
2 0.8266251501572471 0.026507369619450206 0.013533532617697885 0.018070259096579423
2 0.6277172028101115 0.19778679141131986 0.011698418662269637 0.015619975743690031
2 0.6368131950306037 0.1914537544603549 0.007776482246084021 0.010383323043412319
2 0.4960928449292247 0.3972797890141393 0.01258264409581393 0.016800613010090663
2 0.9308277668255865 0.11027148305597616 0.012785762179974377 0.01707182028623505
2 0.4314845473374145 0.26466968968457233 0.012863675474814462 0.01717520507140847
2 0.4242612593351136 0.09482762112170294 0.010112788604436294 0.013502809261161805
2 0.48922068902792587 0.36834358199383516 0.008227287365806548 0.010984834619359316
2 0.44896590734704517 0.48266643826472916 0.009614577208907888 0.012837103638867822
2 0.06921116490583039 0.3871899466240797 0.0207149066887223 0.02765794046317631
2 0.23845878226378192 0.22383579009345012 0.015278791081760936 0.020399796031004735
2 0.10341352469398941 0.29769315618134484 0.01444235507842587 0.01928301212760849
2 0.22631671509793347 0.007577133631947745 0.013131687035503421 0.008556995590144507
2 0.14239624761460076 0.045425231290248023 0.01616859124689059 0.021587832413958806
2 0.1276567947210511 0.19024612733328258 0.01799371345996323 0.024024681366832213