2 0.9237382434816873 0.4594630169781806 0.010124564822465197 0.013518024256500151
2 0.8455528398199179 0.9465827488976036 0.014486227910856091 0.019342317530328803
2 0.9603897414997802 0.922831425810892 0.013241520231188998 0.01768035832443403
2 0.8953801501289697 0.8983628139425534 0.013496310487195379 0.018019879823129588
2 0.9945562652408447 0.8820039768587251 0.008883957886064008 0.018322683571988786
2 0.9029378495699669 0.858181608405453 0.011680051197377084 0.015595452039571358
2 0.46405622528052276 0.9506946974254266 0.012146090008278048 0.016217106946075567
2 0.9902861276338674 0.4631230969787005 0.010827916597891337 0.014457662623732987
2 0.8545819497375494 0.44347222392214203 0.01356192568128061 0.01810817089334311
2 0.8135162202295679 0.49866382813116056 0.010978479768773641 0.014658146637441569
2 0.8496326598441932 0.5779629758823059 0.01029166556564279 0.013741649393620669
2 0.7442261618590401 0.6268941287686504 0.01286367630058458 0.01717520507140847
2 0.6705218720339042 0.5697447147514043 0.01177388109004511 0.01572073428853607
2 0.6808217455803426 0.49508959521635004 0.01220120809244378 0.016290697905767912
2 0.8235485645587953 0.36632197028767344 0.011203909991741638 0.014959696802498553
2 0.7269705295683677 0.3761417459996362 0.012844187448377637 0.017149184124037015
2 0.9749700819287033 0.35471512338037725 0.010027884393022954 0.01338894046378931
2 0.9090241384051774 0.3141704948881873 0.011577737407103598 0.015458840132375733
2 0.9973248467237699 0.2785227556621539 0.004189716763019602 0.015104262403683797
2 0.7998722318496342 0.2807706679415693 0.012536818331951917 0.016738794928841713
2 0.5358209285540848 0.6997693495849576 0.009080241948772225 0.012123674751888825
2 0.48927085074038734 0.6320736271471952 0.012788342691986405 0.01707462293261204
2 0.612869333151288 0.6649380740591518 0.01154102477291945 0.015409239250529956
2 0.5875878254023095 0.6081419342578427 0.01250824112302649 0.016700639470573823
2 0.5227119985942976 0.5400932488219593 0.01400329066890551 0.018697489526373352
2 0.7713006829066567 0.0033819496512511598 0.008435468208067839 0.00187362513742117
2 0.596925743441209 0.10623976599544188 0.013461412881890544 0.01797328665934692
2 0.7038360480034553 0.2653429854616046 0.013463899256829956 0.01797728335162442
2 0.34513878019575245 0.13874306028057815 0.009883413707697495 0.013196046306015442
2 0.22628023817963763 0.9965468803009936 0.013136017341035996 0.008981832415029785
2 0.11371406900907369 0.9864617302241635 0.016485343517756365 0.022011578831587567
2 0.13238024874489399 0.889964196287802 0.01567883980182645 0.02093393164209389
2 0.6153107399713482 0.4282862440792817 0.017354191577178907 0.023170811466075882