2 0.7697751988421008 0.8721381277184781 0.011979214698564597 0.01599429878729674
2 0.771246609356803 0.9924354438178135 0.014079742361689532 0.01692594377100139
2 0.7701764926037015 0.7506931579344246 0.010919237819970928 0.014579596471291985
2 0.7840880100956782 0.8035617085787763 0.009087777869538639 0.012134194046530006
2 0.7800750723666693 0.1922128363045255 0.01229715194056329 0.01641941896322478
2 0.8741115800729026 0.2834773007369587 0.011978763831540186 0.01599429878729674
2 0.7664310840272551 0.37045528004182116 0.011725151940553836 0.01565567144349858
2 0.837593846611504 0.44296855142272296 0.010447348472331577 0.013948995589207787
2 0.8035507581288435 0.266153175939314 0.012012322873623487 0.016039108048381063
2 0.8651493524784156 0.16962152192432767 0.01153205945498743 0.015397850055424158
2 0.690250059186712 0.9931675542172664 0.01151417093311108 0.015373964719022516
2 0.6610995700489518 0.16475104458030423 0.01431281668044439 0.019110055126931598
2 0.5555144833554848 0.18703318021723297 0.010899018992554138 0.0145520529213804
2 0.7096218198063321 0.39985826712146877 0.013299000000015507 0.01775710584334988
2 0.9360316019228596 0.12481827606973799 0.018243289843138576 0.02435882690197315
2 0.9651754180331942 0.31091285978835137 0.015254218001670376 0.020366986769907662
2 0.42710523533376826 0.4766151940741688 0.01775415111479252 0.023705718854017135
2 0.5194931149416012 0.360675448126672 0.016544683732434225 0.022089979051722188
2 0.5028395056991314 0.26723427180295284 0.016271594549974535 0.021725359426189087
2 0.4146150284075516 0.28019796373156264 0.020038699421927434 0.02675508820300854
2 0.6055367623896009 0.3911095493695932 0.020572176713446074 0.027468405732763837
2 0.9646797748569024 0.1673108882793403 0.014310273327847402 0.01910666152198266
2 0.9759308739235485 0.60414243821679 0.015225605284918214 0.020328785006322434
2 0.44409340364768335 0.03207290312634676 0.01735842774568693 0.023176467475350924
2 0.48267922136848207 0.06914825247787555 0.0175728059454931 0.02346358213844774
2 0.22428806624886705 0.14151358342182216 0.01695246242775415 0.022634434398744244
2 0.7154691939580663 0.30447269916583714 0.014632939719222025 0.019537475193176078
2 0.6998842232971657 0.23987497996678525 0.016990223782010913 0.022684852259958525
2 0.5459306371264359 0.0075425105138610974 0.01686836911644556 0.00841240683527378
2 0.5703000118046565 0.0027128122695603604 0.006519563996669868 0.0008010694596920545
2 0.6342045560572508 0.8049128338542604 0.020588194054507587 0.02748875744238315
0 0.7192693924071158 0.2526032114812186 0.010645241948793635 0.014213217199546959
0 0.7235658511307077 0.23603070357377007 0.010909151940542703 0.014566131201064442
0 0.7332328832308392 0.23666620152759085 0.011872385631693783 0.015851663726422004
0 0.7538797542181529 0.2777746277353023 0.013680106523559405 0.018265966923605517
0 0.7374099958486144 0.29387596877273314 0.009736401321219156 0.013000249172650203
0 0.7326361528118268 0.30869238498254115 0.011309149463293408 0.015100216096659349
0 0.7438546838776211 0.2706086583745634 0.011144228736600053 0.014880011024522414
0 0.7248786579693332 0.29754089235401043 0.009719197357532551 0.0129767894157534
0 0.7358584968419996 0.28049076880023394 0.009692781998341 0.012941521500024734
0 0.6815560326981589 0.26311940088859925 0.011105822460734747 0.014828729878622287
0 0.7302492313100156 0.258978503225361 0.009890614368294887 0.01320566041877672
0 0.6928939097971905 0.2643886186057227 0.01405246160199795 0.018762438809612095
0 0.7039930948126841 0.25610419015411406 0.013239924855527186 0.017678229328216173
2 0.7230884667852598 0.028381646622091434 0.02133325681253394 0.02848354465294272
0 0.47653625978338227 0.007655724748566566 0.015291600330326319 0.008608137817012173
0 0.47863786840401085 0.01811883638611899 0.013169232865393279 0.017583175303564378
0 0.49128855236714264 0.021147833175981845 0.012414287365801881 0.016575195148891164
0 0.5039392363684387 0.03389468008720099 0.012996730800961474 0.01735351047485804