2 0.3047425970114063 0.05755820628378824 0.012725224607756006 0.016990349503786455
2 0.9928474316191201 0.3973560989757357 0.012077821635035145 0.019707446526674412
2 0.9554507710813667 0.12387774822167649 0.013182921552406524 0.01760211686861456
2 0.9176339905849477 0.06723470854662285 0.013756957060282913 0.018367888644140504
2 0.9557685591694307 0.3510904020055833 0.012782343517732057 0.017067255789071093
2 0.8666290051544037 0.22380334360559923 0.014607335260135223 0.01950402205138413
2 0.9100070768874216 0.28277752810294404 0.01259131461602438 0.016812189636174937
2 0.8985667063206324 0.3799399644775109 0.011127121387248355 0.014856608599925448
2 0.8472439328089939 0.3095058592461469 0.011086203963628452 0.014801976845990928
2 0.9714990686505077 0.48601768263785095 0.012410020644087836 0.016569499448023925
2 0.8375513966523671 0.4408291294172718 0.012163439306352076 0.016240270121398875
2 0.8237276155301458 0.38736799170387354 0.01261582576383665 0.01684428445374657
2 0.9506839500103972 0.6372816611446909 0.01269959950456042 0.016956136713899023
2 0.8861729715557898 0.6080038742580202 0.012163439306352076 0.016240270121398875
2 0.4319377558393435 0.12933327708816383 0.01784315276634322 0.023823658213873684
2 0.49238143563040815 0.19991037340541068 0.017674415359238176 0.02359925468617592
2 0.2483763224072293 0.25619079901445596 0.016061330305563917 0.02144542778405754
2 0.09626344558958796 0.12709406285845523 0.014735800990902893 0.019674811466025083
2 0.33145850217646616 0.010358122358141753 0.014727358381515007 0.01966353914009401
2 0.4345027090628127 0.29862320990031616 0.014169052848909635 0.01891882028718209
2 0.17666915245705056 0.11458964575525649 0.016449954582979667 0.021964327452751543
2 0.001587588004208409 0.19522372970219945 0.002466566473986603 0.018137379272203265
2 0.13786029533691116 0.23490371926078757 0.01895107514449702 0.025303876516229524
2 0.027009709130883797 0.08168215657427266 0.01587285218828817 0.02119376846766787
2 0.22116551452394595 0.36012192227587086 0.0161976366639168 0.021626614113240746
2 0.5458744092272252 0.007123965608795988 0.017591784475659636 0.015075631752864856
2 0.5702259258571786 0.010700550237352228 0.018311445912462372 0.023648760749731528
2 0.7809713132602846 0.5259752286805504 0.01451853014038288 0.01938544873193383
2 0.6982644831858427 0.6429386575066597 0.015841443435157074 0.021151830209162427
2 0.8020955685420004 0.598158918458726 0.014068669694466986 0.01878407938239527
2 0.6635347753187371 0.6368918589736277 0.020298658959562933 0.027102178610582006
2 0.2719603028309625 0.7168791224787786 0.01752234516927971 0.023395325247169592
0 0.47648963904413755 0.005340579390944759 0.01551440545008037 0.012107025358575378
0 0.48973705337437073 0.011041881550460758 0.013319290668855888 0.01778419845652291