2 0.6221231748753236 0.9749187486741154 0.012081547481406628 0.016131538037280527
2 0.8462457477007331 0.004528592703114402 0.011643667217201002 0.011065938258430661
2 0.9323901445226103 0.031382582311609876 0.012178731626776393 0.01626130099210153
2 0.9180773332678313 0.18819057366624886 0.01126326424446346 0.01503838258030462
2 0.9863641571629317 0.41707022482264366 0.014269616019796321 0.019052375965395402
2 0.9565346532566746 0.4520778233665961 0.015585141205598011 0.02080960970273387
2 0.986230392541877 0.4774353569743142 0.013625616019781645 0.018192525909928134
2 0.9835551007244925 0.252750172521077 0.009213263418680806 0.012301281146918728
2 0.8891841815557222 0.5328014399507212 0.013907014863745522 0.01856824255814363
2 0.889786122176782 0.4839507860081248 0.011841309661421353 0.01581076736528069
2 0.8501249208364214 0.5176212547989737 0.014282776218018794 0.01906994707849546
2 0.7990937292410778 0.5854863246498258 0.01298825928985974 0.017341545755259258
2 0.6939547604417969 0.5888797232753863 0.013002028075997771 0.017359929437550912
2 0.7625759958118834 0.6547833542958674 0.013408523534261564 0.01790267144367838
2 0.8671799062407659 0.4036790635036315 0.016377763005748735 0.0218679371557908
2 0.8405607525711748 0.3506315011077262 0.014321644921545985 0.01912256339595724
2 0.7776913946050524 0.3416995193466314 0.013133476465749366 0.017535434399198538
2 0.8889835346330567 0.7898000697630982 0.011406483071853124 0.015230176405613582
2 0.8002976105804344 0.7706914315885293 0.012106988439307579 0.016164898567410983
2 0.7264595561347245 0.8407021221831079 0.012130611890970793 0.016196439911374184
2 0.7594994102043471 0.8805348760784165 0.01506206193230554 0.020111185226429257
2 0.8449749840587562 0.9251804088356329 0.012754718414544336 0.01702972987816641
2 0.9054365793588547 0.9403615224430832 0.012951903385627387 0.017293656008706203
2 0.9731214625785811 0.9548304085039596 0.014179047068575602 0.018931450936306667
2 0.46869518861978626 0.5054808752796106 0.016621293971927575 0.02219226681386031
2 0.5121686808024913 0.47225060957959364 0.010770758876960008 0.014381345093472067
2 0.9476662267760461 0.3412289118359344 0.011718298100714874 0.015645929437660525
2 0.7627117020917424 0.5223798728542857 0.015312668868707005 0.020445029768792967
2 0.5634160881113564 0.6184325758994135 0.020695357555777304 0.027632879823355914
2 0.7303873420971569 0.7185704707072549 0.016166988439297706 0.02158569239281208