2 0.0970971538513379 0.04359047855081113 0.012392806771255932 0.016547136714162414
2 0.03797320447113091 0.08985340962742991 0.015598910817506159 0.020827995589600575
2 0.0030854376214444882 0.11801314845377253 0.004839141205611503 0.017508357222158103
2 0.5292905484754258 0.0260879756500811 0.012479127993379219 0.016662395810821354
2 0.5033402177844059 0.29469986565107154 0.012201208092491846 0.016290697904741094
2 0.49397669636833225 0.23433547732322718 0.013247422791060373 0.017687573318411785
2 0.5469474745441373 0.13986007056723718 0.01500311643271657 0.02003172546822286
2 0.7775576300488867 0.3050588480471053 0.012344087531006088 0.016481466372646268
2 0.7535468858852636 0.3430099276119336 0.011802717588769239 0.01575923814769945
2 0.9131949256719525 0.4123923957097327 0.010070617671340357 0.013445994487112386
2 0.016303340662739908 0.6143904303805338 0.011773880264226926 0.01572073428853607
2 0.07355458577289258 0.7065456161827933 0.010797710982643522 0.01441678941627716
2 0.004676013359277795 0.7215639790612486 0.0076357175887913796 0.01578957001065636
2 0.14659005265329556 0.7670902502512541 0.010700764657289688 0.014287887541566952
2 0.0645923581400011 0.8083482788200054 0.011654748967750664 0.015561668136564741
2 0.10070879781538156 0.9830200131499961 0.012913166804309907 0.01724193384819546
2 0.6002427676816519 0.11878968016968376 0.013735146160188656 0.018338767364990818
2 0.1171148196879842 0.8820164915515148 0.018176000825758917 0.024268067255000098
2 0.8302058763390608 0.14787727522293093 0.016631478943001068 0.022205867695744338