2 0.2055802374561398 0.595663953044728 0.01390379768787421 0.01856394707869077
2 0.19059860320784103 0.7442562476235884 0.014840033856321674 0.01981398125631938
2 0.13642394372041342 0.7228302790772051 0.011734303881090848 0.01566789195130455
2 0.2483849066657531 0.5338718115599557 0.012297615194043359 0.016419418964251597
2 0.08091163830165456 0.6297810634027226 0.011381357555734464 0.01519663065010651
2 0.14284464409564293 0.5608429231874998 0.010824191577241907 0.014452146637318152
2 0.007207348454167988 0.6999701819800522 0.011450317093328066 0.015288706725132635
2 0.0167046344368857 0.82079516735047 0.009797373245251815 0.01308166041925073
2 0.06539494568021763 0.7456888304756341 0.012788342691986405 0.01707462293261204
2 0.13956741158981037 0.4475243787970209 0.00965480842279781 0.012891305403120595
2 0.39579348633371325 0.49583126299900576 0.011783438480586432 0.01573290407982097
2 0.3656964532801809 0.5065432571956956 0.01390379851364433 0.01856394707869077
2 0.9975639785175915 0.793035491602752 0.0038064822460763914 0.01601498787185586
2 0.9663172339913159 0.6789428481273558 0.012854436829039776 0.01716351598632638
2 0.8391866610022293 0.7170843900886776 0.014142550784480411 0.018882721057726436
2 0.8787066518503754 0.8768676779876733 0.013087467382362836 0.017474662624463816
2 0.8937845600302782 0.6443984030428638 0.01434416763005166 0.019151915105053582
2 0.7845887619797078 0.6816962284375857 0.013652651527622356 0.018229308709617222
2 0.7144368103427334 0.6927156218798891 0.013652651527670421 0.018229308709617222
2 0.7893502066559047 0.593751092900367 0.014605213872800735 0.019500455346734745
2 0.7230074107774317 0.5496733920297523 0.014674042113954747 0.01959235281216303
2 0.7847474768435203 0.49351892888221516 0.013634189099887067 0.01820465821419589
2 0.6344445396763058 0.5757353541286212 0.01646293559043209 0.02198166041835206
2 0.9949032980451686 0.5967078008848142 0.00828816102396406 0.016529090407837385
2 0.6719012378467344 0.5123769820553826 0.01475565565648488 0.019702063947341013
2 0.8804525149083761 0.5632396172064684 0.012637051197338363 0.016873259096310905
2 0.8732227209191111 0.09994366127882634 0.011796744838966446 0.015750671444253333
2 0.9877853206011623 0.1864987980531243 0.01313688108999579 0.017540641676310077
2 0.026040394424161284 0.16267853575967078 0.014296534269193339 0.01908831532465452
2 0.2516075832122117 0.43966428458776896 0.012942633360828498 0.0172812778383592
2 0.08655842070029025 0.49008454408500723 0.016377837324530752 0.02186721168630967
2 0.271681130026997 0.6589388460333664 0.014225112303897652 0.018993672547202717
2 0.45914575312404665 0.5801722077619954 0.013968037985141053 0.018649717750769138
2 0.033363521708708876 0.29547886839269966 0.014305853014044743 0.01910075744205332
2 0.010501982308556975 0.40938343801622945 0.015632867052036772 0.020873335170607847