2 0.15715745536416875 0.5747945956462767 0.013808238645746356 0.018436358323630844
2 0.08987386593108529 0.5740830379383188 0.012274312964505204 0.016388306505115583
2 0.0017125303785891128 0.6026084415672107 0.002682421139566786 0.015198368246460698
2 0.2522640798200909 0.6951723483102571 0.012562482246102782 0.01677306063879844
2 0.24718102533923014 0.5781885615776908 0.013561925681232545 0.01810817089334311
2 0.29520251363432026 0.561937743149977 0.01259377869531477 0.01681484564493976
2 0.40181289295080286 0.5035332127935289 0.014181036333604251 0.018934819184021887
2 0.3923156069501566 0.5838998748480354 0.015565048720096227 0.020782001101942744
2 0.474313301440043 0.4910343889282583 0.012507770437663414 0.016700639470573823
2 0.42401781511988296 0.3876256016416777 0.012618850536760201 0.01684895700075825
2 0.49798963411349123 0.3942314174720379 0.013810829066855618 0.018439818082260258
2 0.3656964533033486 0.3713718263459081 0.013327715111493412 0.017795447629795316
2 0.2923934572420243 0.3401172423125332 0.013163414533449219 0.01757540793877912
2 0.52534449304947 0.22028285892764488 0.01031376218003537 0.01377063506008706
2 0.5964403733228311 0.3084194259810474 0.011306867051987296 0.015096599780343464
2 0.7128155678232365 0.328335187359905 0.010215271676334526 0.013639133407137754
2 0.6221231748980588 0.3962438522613183 0.012146553261758118 0.01621833517059043
2 0.15451560469119696 0.011007111288541404 0.011920745664729539 0.015916831312904417
2 0.2053795905060767 0.07891543098656582 0.013907014863745522 0.01856824255814363
2 0.2845347874655029 0.08896588176784599 0.011592459950471508 0.015477915104507349
2 0.0959267136773989 0.10209153304872531 0.012319784475629649 0.016449017640174486
2 0.14799458085735037 0.08480951847670787 0.013726359207256567 0.018327035281967368
2 0.35827251843788754 0.23805382338382278 0.01009485218827755 0.013478351708669975
2 0.3848331501515844 0.19977949439551038 0.00923983815030374 0.012336762954687336
2 0.4009350628127182 0.1477388700987844 0.010029585466539053 0.01339120948081374
2 0.24202272830515428 0.3882398177215536 0.0123965433525909 0.016551503859246777
2 0.9701263897652465 0.7429233773086783 0.016533165978530037 0.022075433296366066
2 0.9793318494835032 0.6662165075448129 0.013781192402990226 0.01840094046394085
2 0.8863249633809329 0.6933398128742847 0.014438687861300266 0.01927811576642893
2 0.8299812012552291 0.7035088876350614 0.015884174236164117 0.021208087100453323
2 0.9260036690687625 0.6469279083360681 0.016315393063574674 0.021784658214157444
2 0.9664759488483029 0.8539705978359415 0.01339237159372805 0.017881104741101755
2 0.8409325240557116 0.5125811058912907 0.013504757225433862 0.018031158764839437
2 0.9204486502536544 0.5460617980840713 0.014213619322856714 0.018977609702284307
2 0.9973744533245735 0.5550618338806281 0.0041204351775308195 0.018514886438895876
2 0.807761126087083 0.6202309108755111 0.014227254335244795 0.018996531422051797
2 0.7499889306313398 0.7526759607717395 0.013923550784500572 0.018590319735360513
2 0.7387201781753311 0.663034846959995 0.015322352601163332 0.020457958104345607
2 0.8833093817352912 0.4299332663363468 0.014878055326195325 0.01986549393599391
2 0.6776149714437508 0.5272019790483448 0.014053209744006223 0.018763436604180304
2 0.6403169881145917 0.5570833443991569 0.013049408753122212 0.0174231907381556
2 0.6853919977226666 0.5937424045602371 0.013998804293973963 0.01869149944953448
2 0.6330161062788301 0.6380326615671125 0.013504757225433862 0.01803115876586625
2 0.9147349166162146 0.48143019751556293 0.013467398843967181 0.017981278942127803
2 0.9956725075281272 0.42259557572190365 0.006867171758868517 0.018664511576779556
2 0.7752245874319096 0.28435511470494057 0.012165837324513576 0.01624408379184799
2 0.8004602442475242 0.28562753403286195 0.011585094962822017 0.015468081587755101
2 0.8360123645348807 0.3271595248264541 0.013087467382362836 0.017474662624463816
2 0.8442655353441421 0.25743675380103215 0.015133772914931962 0.020206173098427392
2 0.7777640246312729 0.21548186497025545 0.013202936416190013 0.017628176405804094
2 0.7425293339632969 0.2434537507195227 0.01350424855493369 0.018031158764839437
2 0.9540961926843272 0.19322933053727187 0.014195885218791032 0.018953932745971583
2 0.8168078710441958 0.1319890723131441 0.013110541701078428 0.017505472988021676
2 0.771415431665237 0.06989710542548945 0.014156259289832322 0.018901737596810915
2 0.7255468479277678 0.040014884153292685 0.01563100908339965 0.02087085336229077
2 0.3182846127713559 0.05251803358784716 0.015342067712652601 0.020484283351870265
2 0.3536780182586354 0.012680178750491196 0.014536059454997077 0.01940812348452825
2 0.36530984493343943 0.009096961201485882 0.0166146350123948 0.010998922822198111
0 0.3658740651115762 0.8606445368937943 0.008089563996695647 0.010800949282443116
0 0.39225047502688243 0.7910589607547488 0.008170306358382977 0.010908755237624756
0 0.4049619979093495 0.7500083224227716 0.007888892650701149 0.010533019844873868
0 0.4253798814541003 0.7038664138324501 0.00746097357554898 0.009962050716547745
2 0.516823398975975 0.678510534110897 0.009566327002480885 0.012773163175126157
2 0.029813179771937308 0.8759156698217285 0.010099462427717613 0.013484509371204637
2 0.16487311005333175 0.8731532581345627 0.012507292320369262 0.016699372657267696
2 0.04474921909738278 0.7397111014092327 0.012167590421162666 0.01624581146607424
2 0.017339997970863243 0.4804603114668711 0.013672684558204274 0.01825605733207167
2 0.11641042916978803 0.43357831836999483 0.01187309496284291 0.015853207277045755
2 0.14882481244434415 0.16223529705627848 0.013044803468206733 0.01741704189597476
2 0.1758367985047759 0.27573416617523383 0.014068548307172695 0.018784622932848948
2 0.1580406665370083 0.34001920844377925 0.012229220478933513 0.01632871334117559
2 0.07716360236818977 0.3436218684337943 0.014272187448385104 0.019055809261936535
2 0.03187880222618343 0.25791819330690946 0.011458012386477798 0.0152984046302284
2 0.06445207956003242 0.01876928385597671 0.012631600330309583 0.016865980154254535
2 0.3084809653454539 0.6276286400109119 0.0182408290668806 0.024354622932407664
2 0.45109952514469936 0.30320590969725475 0.013671775392224377 0.018254842337060723
2 0.590137702651646 0.208710108155666 0.015105649876159491 0.020168622932063115
2 0.5351191620487303 0.15006692897705023 0.016908436829101564 0.022575653803995847
2 0.46148263363368175 0.06577931196442184 0.013108030553275763 0.01750212017643905
2 0.5708036384792613 0.14703821940008702 0.017604400495459072 0.02350576846760748
2 0.7154510815677958 0.1711052886971253 0.014473879438508487 0.019325102535677128
2 0.977415716486149 0.2228927336316946 0.014723649050353647 0.01965858875399059
2 0.7083201535875427 0.7894534048189993 0.014277164327018393 0.01906317089249964
2 0.6823027091852368 0.6852358883203653 0.01662235838148826 0.022194525909783623