2 0.4855700359580455 0.9713601812354752 0.0130609859620424 0.017438648290143584
2 0.530486330771763 0.9734776601423288 0.01394524442610307 0.018619285556544213
2 0.36526420033296714 0.995144203968568 0.016615857142846628 0.011186087100490386
2 0.9588973160776787 0.9786154987339789 0.014493105697788184 0.01935077287757804
2 0.8920280724018081 0.45544318872778095 0.01728935094960157 0.023084238146933857
2 0.9797569065079156 0.7508596350329023 0.015620859620152895 0.020856517089824497
2 0.5023534430300896 0.8280220291204545 0.015591308835658924 0.02081784674673944
2 0.494026638474873 0.7633012888938714 0.015483803468203428 0.020674302094834708
2 0.5554863866472434 0.36464807375353714 0.017563399669681973 0.02345014002190568
2 0.5570724446657283 0.4766190771748699 0.017666045416995936 0.02358718853353501
2 0.4404971803233572 0.3177889692715175 0.020759342691999905 0.027717269018555292
2 0.5265408278068294 0.29477069406567885 0.014750636663911965 0.019695362734352673
2 0.5031464720284451 0.178765163359529 0.013345599504567231 0.017818656008661844
2 0.4596290051652842 0.2049036154086068 0.01409998018167487 0.01882588313101835
2 0.9296772864257973 0.4411351895421875 0.014275706028042809 0.01906050826898286
2 0.7937421068556558 0.47459664281412484 0.015170938893498947 0.020256558985602368
2 0.8287105068359077 0.5126775814715235 0.016759521057014067 0.0223768246971079
2 0.8783584741074657 0.5099733427234708 0.014235740710160611 0.019007146636757264
2 0.0663277788987421 0.7665237233652646 0.013663952931485653 0.018243712238564906
2 0.08876484102778318 0.9316052625319267 0.015029460776206583 0.02006765380357993
2 0.2830602513455296 0.8818911373514637 0.013722203963643447 0.018321487320486413
2 0.46876274419960573 0.35285561075772937 0.014961075144519985 0.019976343991401243
2 0.6039818473711389 0.2422690035758875 0.014612951279938157 0.019510787210397448
2 0.6563747743936083 0.4189810801416537 0.016975055326191243 0.022665453142391018
2 0.7925486460832408 0.3467991014864489 0.015586433526029323 0.020810551267803176
2 0.9695388755158246 0.30584234554965417 0.018005047068524717 0.02403981477441112
2 0.8647530215796587 0.17533273220394943 0.020215689512782957 0.026991399118005244
2 0.8082645679641884 0.012270604994439632 0.015487423616816758 0.0171455314224781
2 0.6203919327170411 0.21231727660536076 0.011656441783613636 0.015563927232488053
2 0.3785371114418155 0.3773208360917776 0.012025699421982984 0.01605696912932948