2 0.8471374677190969 0.9852610569921668 0.017884284888559907 0.02229026681409847
2 0.9368342113952998 0.955054396578617 0.01992385631709219 0.02660275523703804
2 0.9644708893334718 0.9968358696897359 0.009154706853837956 0.0015095446531916531
2 0.9351490247499776 0.1592034275757504 0.015254218001670376 0.020366987871681775
2 0.8788439650936429 0.19309199077016628 0.018513448389795396 0.024718617420754464
2 0.8445454604758763 0.19044264246501202 0.017378265070192543 0.02320382690166001
2 0.8250171211793765 0.6178097147432946 0.015723687035547267 0.020993810363705328
2 0.749976751136024 0.6025912918934913 0.016939107349321622 0.022616601984459157
2 0.775353679426159 0.8523436024345564 0.017554903385620855 0.023439680264139385
2 0.8140138436301956 0.8581655674532894 0.016687168455811512 0.022281060640134385
2 0.6997185376951794 0.8651788103873733 0.01587113047071135 0.021191469680152366
2 0.882016081112492 0.8036334014034603 0.015265808422768274 0.02038246306540422
2 0.5992021107613871 0.7364002663915301 0.016721284888543627 0.0223266141131816
2 0.6446030215477216 0.6751162417678629 0.014314393063585722 0.019112160970490785
2 0.7004124380552581 0.5012056644011983 0.015549659785288937 0.020762234840997984
2 0.6663121906828987 0.5791638883563887 0.01650305532617302 0.022034400220767338
2 0.8535661654431788 0.5369402650207725 0.014985153592106271 0.02000773980158002
2 0.7946837615361322 0.529261629168014 0.01391284145334271 0.018576719955250603
2 0.9571555797542268 0.700003851034659 0.01717808918247244 0.022936549062338527
2 0.996975906618975 0.8065849013047451 0.004754875309645751 0.01829064718849111
2 0.6761259246417795 0.9517362580491926 0.014868734104033563 0.01985304851121913
2 0.6314189142555142 0.8465149776800612 0.014720517753901824 0.01965440683530966
2 0.5861171321269713 0.8683535865135286 0.014858716763044583 0.019838925027991866
2 0.6473786230743144 0.3570720119198503 0.015266521056949813 0.02038418191824983
2 0.7974593630629172 0.12373623505641337 0.017288699421976268 0.023084238146933857
2 0.9780717198281302 0.19163003988880273 0.015236170107362643 0.020342890848842055
2 0.9156206853954144 0.3656795605937021 0.017649350123857568 0.023564898567079117
2 0.8519801074362297 0.35152244496199303 0.020204738232902766 0.026976779493469386
2 0.9706370729127184 0.4138552124808155 0.017159776217975167 0.022912095921050424
2 0.7001150521855612 0.2899772296592905 0.019791000000005825 0.026424367145081732
2 0.7427403614259326 0.03599340063668664 0.021325330305529234 0.02847296030844881
2 0.7522567095460226 0.1920217300755975 0.012331856317102177 0.016465135611790874
2 0.2498728322926205 0.6060294634410999 0.015388322047890002 0.020546813671042795
2 0.19386515850083968 0.6070923296788086 0.01748714450864824 0.023348325248417477
2 0.1181308881218259 0.6851826649315269 0.018495759702749814 0.024695929437629313
2 0.1912878142216729 0.7205180566041199 0.01675361684560245 0.022368942667722966
2 0.23202967956227855 0.7652546608360544 0.017331357555741538 0.023140325247953918
2 0.2409512558885643 0.8711361442810662 0.016551809248575612 0.022099493936016384
2 0.24333034296053624 0.5103389321494737 0.01602025103220227 0.021390577728932984
2 0.1850427107604872 0.47274960385883985 0.015451351775390556 0.02063019514851921
2 0.020885705900146656 0.3178916435879722 0.013189696118938887 0.017610498345657248
2 0.18405142452893317 0.10375413385886276 0.019083537572216546 0.02548074310947345
2 0.21170831120844652 0.04431699533344071 0.013457641618498958 0.017968928335643196
2 0.3565352339702055 0.9010431155636331 0.01387234186623084 0.018521947078735394
2 0.8837290475120757 0.05827117631830021 0.020659540875299205 0.027585057331230636
2 0.6871660617767532 0.5493697633447234 0.015075445086729861 0.020128296582436943
2 0.9266936345598649 0.7656031531479944 0.014513189925684906 0.019377587651659332
2 0.8148663621509261 0.9327599912041915 0.015359404624270968 0.02050820286688626
2 0.6578666003077086 0.06941482116280344 0.01485599009082695 0.019836031973501617
2 0.6674142863479263 0.11674538892082861 0.01714766804295385 0.022895067254576296
2 0.8082426549380562 0.00010170381364249343 0.01165770602810122 0.003532825799734879