2 0.9823012079467822 0.39075731935211616 0.017034619322889133 0.02274498346240117
2 0.8548878804458694 0.3734684598497644 0.019944449215537147 0.026630251378831356
2 0.9499191900390884 0.15886835120885315 0.014118947976877917 0.0188519195145224
2 0.8471228047584558 0.9988104696801423 0.008915079273308476 0.001589208379256423
2 0.9068973662936752 0.07456288975689153 0.016194714285718996 0.021623524807418193
2 0.9643919694736911 0.011637913407152057 0.019667479768799175 0.02474990077193543
2 0.7953776619399507 0.2712421979161663 0.017159776217975167 0.022912095921050424
2 0.6983845928092379 0.07345997538651691 0.013233967795212461 0.017669608599846193
2 0.6452755893767207 0.10740962978288153 0.01801385962018631 0.02405248732072976
2 0.7684407388946887 0.11139029531422366 0.01637199504539743 0.021860234839831454
2 0.9040178802733607 0.20747967237604592 0.017944148637503956 0.023959406836383465
2 0.9047339567422411 0.24221266864859545 0.01528375474816845 0.020406424476587456
2 0.9021680161195329 0.38291418698720037 0.01414940297273107 0.01889258213834108
2 0.5045665667963238 0.6835995057213727 0.012322157720879834 0.01645218522535368
2 0.6447982050318977 0.6023351661460484 0.01385648554914095 0.01850077508339841
2 0.502298991373749 0.3000489331447122 0.01164666226259252 0.015550869901057706
2 0.22831023939396658 0.19082645099823667 0.017079420313771666 0.022803944872349272
2 0.3173424114302915 0.2767107596645561 0.015029459950436464 0.020067652700778996