2 0.9480646718081458 0.4917536183653652 0.009713891824939258 0.012969706726056147
2 0.951684476584448 0.4353707388727263 0.011226097440126358 0.014988757441972424
2 0.8955775029198048 0.559620490689919 0.011165140379859714 0.014907370451858314
2 0.8726520729031545 0.47886840966679034 0.011306861271692592 0.015096592061763758
2 0.8105120913970667 0.4893384577763958 0.010453829066912489 0.013957649393391188
2 0.7595331745564343 0.30648670658313126 0.009881065235358626 0.013192909591047805
2 0.8008592787214007 0.2752756421878326 0.011197691990087973 0.014950832414678004
2 0.7731074423281765 0.34092521326577385 0.01148650454170579 0.01533644652772436
2 0.8462576632654509 0.23459689055960686 0.010979826589600237 0.014660497243252255
2 0.8323817450401676 0.7926162734110208 0.01230866721715712 0.016434174200443935
2 0.9008563848745987 0.8121472334606283 0.010876160198205453 0.014521531422869965
2 0.983206942890189 0.8109407110340984 0.011883199834839682 0.015866700111135692
2 0.9718950530489127 0.7025996692788755 0.011887027250214854 0.01587181146612931
2 0.8786850808335208 0.7473040208222536 0.011046336911669468 0.01474874751907265
2 0.6521456336884619 0.6901095334230999 0.009311807597006812 0.012433323042945733
2 0.6183607893753016 0.8161726324442187 0.009713892650709377 0.012969705623255215
2 0.578392111977007 0.8278529589088036 0.009949891824972402 0.013284804850874228
2 0.592117204974895 0.4606381033248419 0.008251393063566443 0.011017019846071022
2 0.6288431406117346 0.40888500847784925 0.008786450041306891 0.011731854465388608
2 0.7332895901254578 0.04389460071461335 0.012133240297265216 0.01620055898580425
2 0.7512377886726267 0.14719726511327572 0.009986028901709307 0.013333557883139942