0 0.3322505970179041 0.11608288614664641 0.006835836498749317 0.009127353913589178
0 0.40437855828045094 0.10534210638333083 0.006446371593696783 0.008607007718163459
0 0.2687029136539649 0.1731875686174158 0.008419568125498085 0.01124156229382806
0 0.2744677878519144 0.145977023642925 0.007219720891825655 0.00963956119067548
0 0.3228659180229361 0.15617988556479703 0.007078932287343751 0.009451584344218427
0 0.12270412213543182 0.18876207333526346 0.009132303881086332 0.012193186328743298
0 0.14911529011502409 0.09210050937153867 0.008913176713469435 0.011900614112278789
0 0.17364952230353436 0.06524975939993691 0.008729472336915732 0.011655775082627232
0 0.1963068186867833 0.06184797916898161 0.008281815854673337 0.011057639470921527
0 0.18424080285296754 0.04645567040278473 0.009296160198219003 0.012411962513829342
0 0.19013974392854108 0.023901169653468515 0.009171582989286614 0.012245630650332377
0 0.38272676319798105 0.0720475645768718 0.006369233691182778 0.008504015435654641
0 0.4436936598447725 0.3827081469268576 0.007644455821622889 0.01020665490607574
0 0.9225133878632059 0.48527499261212587 0.00693405367465556 0.00925849503791319
0 0.9199996345641778 0.4505048530143424 0.0074515714285884466 0.009949122380995106
0 0.9959149841412123 0.4831277510549672 0.007320160198203826 0.009773664829519382
0 0.9955744337662843 0.4745984188883741 0.005979140379876021 0.007983174200694445
0 0.9963891894353648 0.4243912804079095 0.006631620974415678 0.009113300992165669
0 0.9641022424835175 0.42130050633221766 0.005999171758869634 0.008010220507523322
0 0.9748611065829123 0.42237447386211174 0.005941823286530781 0.007933350606454904
0 0.9637000419412014 0.40425194537548437 0.006756834021437234 0.0090218676960603
0 0.5938766568873295 0.29779123445477873 0.007200129644941034 0.00961376515924602
0 0.584927695192332 0.3171218956123458 0.006311473162678662 0.008426895258330064
0 0.5919662043893507 0.32799636453488695 0.006359348472307377 0.008490816978563152
0 0.6763277650208707 0.4261361397700148 0.007399554913294441 0.00988004299839743
0 0.6499836304969855 0.3982122792362296 0.00765738150290991 0.010224297684807301
0 0.7018674985520252 0.4219726407561603 0.0064756845582228904 0.008646469680302856
0 0.7891450130358965 0.43741298157232994 0.0072004004954252755 0.009613765160272836
0 0.9113134232619439 0.18394608996488163 0.0073198843930508024 0.009773664829519382
0 0.9936639812728717 0.1779028875167998 0.0062632320396749045 0.008362485116394903
0 0.9169442306604724 0.2596654107664787 0.008044010734954244 0.010740128996789193
0 0.8792379311938935 0.30222265050328584 0.0077625739058532735 0.010364363837654496
0 0.9021633612638487 0.27228476123344214 0.007924684558219864 0.010581207276828168