2 0.4236406062482695 0.9313022975934117 0.010881073492972147 0.014528092612998094
2 0.3563570167828858 0.9735390703689796 0.009911224607768153 0.013233179713228703
2 0.37401394285053985 0.8640614990442744 0.011730170933078685 0.015661782800715906
2 0.2817832571173161 0.9204113598391331 0.012885426094170666 0.01720489415647144
2 0.8698173409358531 0.15461307934299523 0.017567883567303162 0.02345700992339074
2 0.7930955280590007 0.38146958398697395 0.014805107349302992 0.019768093715708337
2 0.7250000178301265 0.4746637833402251 0.018306861271703743 0.024443710032879255
2 0.6025326606017921 0.5338197879230372 0.016845803468182072 0.022492025358666068
2 0.536005568974042 0.5915856107868164 0.01866974566474251 0.024927302094252396
2 0.37458914836969964 0.6125222659508607 0.01628270767959647 0.021740197353968614
2 0.45863024836733346 0.6961106447155907 0.015530952931472894 0.020736476295558855
2 0.5009775522310063 0.782493953650577 0.016376241123050753 0.02186590407963723
2 0.3692303846185411 0.720020221749602 0.016534650701861043 0.022076584344325214
2 0.9583022938002556 0.2434321279322283 0.01423387365810024 0.01900465380351132
2 0.5505134416324499 0.8482831986949604 0.015954158546641072 0.02130152701267761
2 0.6195238627731595 0.8886800599402555 0.014980593724210895 0.020002405733165824
2 0.39360622466035405 0.4264947271791863 0.01572117506192642 0.020990455347547655
2 0.49555343768240623 0.44568393972847103 0.012061423616832573 0.016104061742823535
2 0.40791844786341863 0.3513540488738636 0.01992833938894326 0.026607738698954882