2 0.5589211962781239 0.7065131572827845 0.012873563170904089 0.017188405733075004
2 0.6546074673092677 0.9836946814942206 0.010988616019842683 0.014671680264897817
2 0.5957287530146361 0.8384008631695476 0.008946905037129419 0.011946095920721317
2 0.6167632349975204 0.6929390381861482 0.012534856317096877 0.01673617420046536
2 0.6920392587456509 0.6938340773902497 0.013641364987621208 0.01821355347325481
2 0.6169973230602248 0.625965414937409 0.013064687035550632 0.017444246968145605
2 0.5486436168638498 0.5864910667653318 0.010797710982643522 0.014416789415250342
2 0.6448203580175499 0.5831024291388107 0.013432017341025426 0.0179347133401539
2 0.6686304553412766 0.6806146194152082 0.011931322047907573 0.015930353913378163
2 0.7316335778241507 0.5605982559391163 0.012952391412066838 0.017293656008706203
2 0.7744382470589024 0.6963359649563178 0.014456480594563762 0.01930187320770016
2 0.8089495116277982 0.7027603613557715 0.011734304706860967 0.015667890849530432
2 0.7949042295278408 0.5622090132960428 0.014774781998349192 0.019726858875799468
2 0.838912780087289 0.694724417177605 0.012273851362517308 0.016388306505115583
2 0.8579073520614723 0.6091741094419111 0.011350301403800698 0.015154592061359867
2 0.6869562043389555 0.479872714342034 0.013504262592881521 0.01803049834623785
2 0.5864989962260098 0.532739680432925 0.014468853014052563 0.019318391400560853
2 0.620608966996871 0.4550440170809364 0.011615203963686857 0.015508281147105429
2 0.7487554455213583 0.4425460925888447 0.013841366639143912 0.018481286658464942
2 0.6546520554632372 0.37244340746181936 0.012284513625066764 0.016401925027707247
2 0.9008457858643101 0.5166638958850073 0.013435186622614344 0.01793827012164853
2 0.8391803092745069 0.49335681032615303 0.01352559785304005 0.01805966482893076
2 0.9100086603363289 0.6408759936127635 0.011693504541684756 0.015612826902365933
2 0.9640495553040727 0.582475380310758 0.012301979355910497 0.01642524586557159
2 0.9168640957201442 0.41039526339542315 0.012164951279952823 0.016242900771903164
2 0.8571716468233956 0.36190827204943393 0.013538158546674083 0.018076435501595843
2 0.9766234268743312 0.49737148634912787 0.011463592072635809 0.015306431091623638
2 0.8904121477386824 0.8317100846454041 0.01250394880263101 0.016694908489318115
2 0.8153033297389078 0.8900211494520733 0.01182543435181098 0.015789568908882248
2 0.6345873667900743 0.9212785967766352 0.013217674649045991 0.017647853362463342
2 0.5792422671379843 0.3254266099166433 0.011895650701913028 0.015882727673612002
2 0.5034980672783842 0.45361895183904266 0.013703663914141797 0.018297423373460114
2 0.5301172209366318 0.41763124902873344 0.013581553261762087 0.018133694597631856
2 0.615459030244296 0.24930330966173156 0.014247028075979945 0.019022217200085307
2 0.5422897988065737 0.2469801544032112 0.013504262592881521 0.01803049834623785
2 0.4615628679006008 0.08900612055569428 0.011630929810059212 0.015529863284787835
2 0.41648420061530433 0.02935518048880283 0.012168444260929093 0.01624756449856102
2 0.3023830041791905 0.03310781426608661 0.013217674649045991 0.017647854465264273
2 0.24887716764380194 0.10972660388427867 0.013214966143722915 0.017644239250722504
2 0.3326138018350798 0.17062704777704446 0.012309250206439306 0.016434952591021176
2 0.2573712192234313 0.21661590610742734 0.012225652353405109 0.016323950385023833
2 0.1881814843185383 0.14254392685456962 0.01312427663092996 0.01752315214994264
2 0.12200145278210404 0.196883505509084 0.013717366639150939 0.01831571885324037
2 0.20359785345304737 0.260821687982776 0.013581553261762087 0.018133694597631856
2 0.1200618661849638 0.3029717641986307 0.014019141205604565 0.018717949283786752
2 0.06475020765767585 0.2892166841703302 0.012471241123051844 0.01665186438845037
2 0.012983310823822909 0.35315468838559555 0.012245853839841657 0.016350307607614613
2 0.08116981124088767 0.38342879222584797 0.013134327828205436 0.01753657221662696
2 0.22459889432949087 0.32583253942696994 0.01418103550783413 0.018934820286822817
2 0.1683508836634747 0.3571739910106773 0.012697071841451501 0.0169527596468568
2 0.2506161073446166 0.37967645555792134 0.012179190751453932 0.01626130099210153
2 0.21583731357312186 0.4538856003692224 0.012953082576417536 0.017294578831293747
2 0.17156123385596814 0.4765684350004549 0.013393169281607022 0.01788216979009774
2 0.13624738177295556 0.4721023789519709 0.012803025598676982 0.01709422712186567
2 0.361975129645104 0.37923213850517884 0.013357719240274086 0.017834837927330028
2 0.31803346138270067 0.38066140439694024 0.01361576383156682 0.018179371554605753
2 0.429927542024074 0.3556583175063955 0.014079741535919413 0.018799568908422562
2 0.39882727454486244 0.19911321206583077 0.012208078447588998 0.016300485116176003
2 0.3356235051398034 0.25144159929188176 0.011664722543307846 0.01557498456460507
2 0.3584303679862283 0.28332267253523097 0.012263374896754659 0.016373702315685506
2 0.4680504505584554 0.26368394045132526 0.016109611065245007 0.021509083791901876
2 0.4919943124518063 0.34441148467739796 0.01664065978529999 0.02221812458571289
2 0.45106234747038204 0.39156019548929677 0.015928661436852665 0.021267485115861944
2 0.4307301295855837 0.443352719980406 0.015352072667233988 0.020497640573276903
2 0.2957616569118172 0.4881787817245462 0.014249003303060762 0.019025570010641115
2 0.2601802756519208 0.5355080179449134 0.0145009702725146 0.019361272326936532
2 0.2181781939399378 0.5333643559964072 0.014242003303016193 0.01901550826954408
2 0.16025812590711433 0.5569404756574344 0.014840033856273608 0.019813981257346198
2 0.11624957533786073 0.5437237711647954 0.014618946325341909 0.01951879162090813
2 0.06622161816516822 0.5549768014762719 0.015416622625892286 0.020584600882105685
2 0.21924831066934297 0.6214154764410219 0.015416622625940351 0.020584600882105685
2 0.2758307328165938 0.7173174581590058 0.012447546655687093 0.016620228225170185
2 0.3191035781351774 0.6407895604622896 0.013243370767943114 0.01768216207241506
2 0.26258803827631955 0.5673826492279603 0.011744210569797088 0.015681119074032548
2 0.34264614619218536 0.5670258808119146 0.011911810074329551 0.015904302094768334
2 0.34712726001016925 0.5322891902620057 0.012309250206439306 0.016434951488220245
2 0.402372036210179 0.544433195401669 0.011931321222137454 0.01593035281160405
2 0.4872456694624662 0.5464022852369516 0.014446651527671947 0.019289475193097285
2 0.42899118991668467 0.6242706633204761 0.014039547481396467 0.018745196251098023
2 0.37361264910970365 0.6480235877860637 0.0136675739058691 0.018248545754466786
2 0.4189588455457362 0.6832969262076761 0.013730919900873998 0.018333125689047436
2 0.47420362179102393 0.6766003265560019 0.014189137902576476 0.018944923925113915
2 0.5047019485805379 0.9586965316709423 0.014045282411231397 0.018752852259686394
0 0.29196037158043553 0.8077300382088027 0.01024778695296593 0.01368306284460271
0 0.2577970060068536 0.7890535845249776 0.009239687035477418 0.012336561190377194
0 0.27618808603972816 0.766168569422059 0.010006117258456626 0.01335987541311171
0 0.40254492434790484 0.7861151377041028 0.01022602725018648 0.013653492833289513
0 0.3002928997460437 0.7848446596005177 0.010820754748105028 0.014448101433094636
0 0.2964837440132574 0.8271228056729596 0.011745433526019035 0.015682159867568934
2 0.7104755957141975 0.9555493886228301 0.01819525020645776 0.02429376846813939
2 0.28183637110897686 0.9636008529949527 0.01669678034679618 0.022293055127143795
2 0.41904417387229825 0.8857967788302221 0.018253893476442153 0.024372067255231878
2 0.07047603116644713 0.9672500120143199 0.017755634186631352 0.023706805953897677