2 0.8609930671601341 0.004834830582289738 0.00892430800993786 0.004135245865964574
2 0.8029078109184389 0.02282334479802137 0.00966731296449632 0.01290751598639847
2 0.7516313842533815 0.08199650949624993 0.011080445086700391 0.014794845644347658
2 0.8251127331228473 0.07854507829944676 0.01022227580513356 0.013648485115913073
2 0.8704143413678035 0.1230742775526025 0.011030094962865868 0.01472761631710198
2 0.895740437334583 0.22237578575841285 0.010595116432701198 0.014146291069653554
2 0.7704921915979547 0.21761273311054727 0.01082419240296396 0.014452146636291336
2 0.8265395553799982 0.32762880683717416 0.011179462427747897 0.014926492834161831
2 0.8563244710676372 0.40228467218499825 0.01034099669693673 0.013807518192070978
2 0.751363855056983 0.3464432874501425 0.010101379851322671 0.013487576626142632
2 0.7195278823162866 0.25880731012705044 0.012060468208110521 0.01610339250284131
2 0.7358471624248755 0.46895889627573706 0.011745142031377942 0.015682361630852258
2 0.6390015983289419 0.4450294201538509 0.010202028901724976 0.013621452039614927
2 0.606541390794502 0.39037706405992284 0.010844377374094253 0.014479097024082743
2 0.5510736736093577 0.44610058131002406 0.010492146160181699 0.014009336273513463
2 0.6406067734274957 0.33274807235638815 0.011482651527649181 0.015331302094863688
2 0.6768123894648893 0.5492089085738855 0.011901176713445876 0.015890702314658424
2 0.6106435049623332 0.5908842823286402 0.010612715937246813 0.014170321940866431
2 0.717566001628559 0.5071812254913735 0.010474335260119776 0.013985027564235664
2 0.6247333752378897 0.24500093723790023 0.00920514533445039 0.012290905181486919
2 0.579699296153427 0.19564714517789383 0.009775333608612942 0.013052231532571859
2 0.6860867344727586 0.17689441119925486 0.009711267547447366 0.012966689084838284
2 0.6058279796922426 0.12480246643161005 0.010031056151970296 0.013393175303566351
2 0.359076896820715 0.32131784150116105 0.01150297605287219 0.015359017640647973
2 0.38556228593279457 0.2493986284653959 0.013413948802608907 0.01791058875345178
2 0.6491677072632179 0.05318221408882011 0.011230562345179 0.014994718853174787
2 0.9761775449084843 0.10223945459636398 0.010117112303904045 0.013508582139611572
2 0.5429092203098208 0.004593251865509129 0.009705090834011273 0.0037250363841948592
2 0.8731565154719949 0.9724543044947359 0.01380058959533878 0.018426840131960668
2 0.6826757374025891 0.9195922581538508 0.012095443435181716 0.016150092612643947
2 0.7123045943714243 0.884767835367319 0.010784445912433015 0.01439907828031689
2 0.5802120604355451 0.8669965050173996 0.011262840627564592 0.01503838258030462
2 0.46918744961153386 0.8559200089556281 0.013030895953794171 0.017398472987279673
2 0.3487324351324195 0.9453068056001093 0.014079742361689532 0.018799570011223492
2 0.27101520753501546 0.9792410330056257 0.013810309661440028 0.01843981697843251
2 0.19971868035177417 0.9828142784761784 0.013045991742372063 0.017418627342765756
2 0.3153581695677674 0.8398468159262374 0.012663204789420852 0.016907542446975277
2 0.5133966470484658 0.7792071179818473 0.015710912469038503 0.02097754244812761
2 0.4108660877901449 0.7998357813203627 0.015424744013203177 0.020595445423956873
2 0.28185013940835274 0.7534929171631722 0.013538158546674083 0.018076436603369956
2 0.3912026928520502 0.6898242534541801 0.012526824112334016 0.016725450936938988
2 0.5066415351541739 0.6837527766924396 0.012119826589586808 0.016182648291135703
2 0.8567703530357433 0.8247547771159432 0.012910881089971384 0.017238233738518273
2 0.6009455720831457 0.7880553032303396 0.011539473988411488 0.015407168687359238
2 0.10701981851501155 0.9197703390140929 0.012309250206439306 0.016434951489247063
2 0.05625615611039471 0.8119816616734093 0.014785121387281415 0.019741405732929707
2 0.19965179806078565 0.6278491581193569 0.013275756399675168 0.01772540352844285
2 0.11765410353835867 0.5775765318930757 0.011720251857964853 0.015648539140081196
2 0.05271139446608292 0.44237317718553143 0.014003817506156044 0.018697489525346535
2 0.24493111223534203 0.5289972976903619 0.0119463088356949 0.01595036383685394
2 0.09966276602210665 0.634637012210076 0.012746521056959257 0.017019423372764242
2 0.01070931277347038 0.7019709137975841 0.01153205945498743 0.015397851157198272
2 0.11638333991455056 0.8118969167951318 0.012308786952959236 0.016434952591021176
2 0.7611246809328182 0.9576781876467357 0.017889378199818708 0.023885375964881436
2 0.9864846556430142 0.9146748949119528 0.01620159702722374 0.021632715545249682
2 0.8664064872667692 0.9063134194601249 0.01790096036335961 0.023900841235449125
2 0.500139619318415 0.9689206525492415 0.019550237819984245 0.0261029084895911
2 0.2228785595566482 0.8409695067682201 0.016943240297237653 0.022622121278249967
2 0.5801537921407544 0.9275770421255927 0.024236589595342854 0.03235998897491867
2 0.9871675646556738 0.9705973885626898 0.016791170107375318 0.022419080485270464
2 0.1168000259785913 0.36774867810124107 0.01505328654005899 0.020098710033217036
2 0.09122942239005721 0.010287320131462687 0.01620060776221519 0.013034339581411886
2 0.5885424311080056 0.07879359948796928 0.020179709331119015 0.026944373759965782