2 0.7000874283635669 0.8296993062292383 0.009359698596171662 0.012496797132789431
2 0.7753523050935368 0.7896913161425304 0.010390484723351698 0.013873072767213331
2 0.8230616760191767 0.7255159075615276 0.009840161023916435 0.013138297684449608
2 0.7688424283015471 0.7263514574128382 0.008710118909998975 0.01162949724424766
2 0.7850725320785004 0.9210212299438006 0.01022033443433924 0.013646407937990396
2 0.7245217603875972 0.930309184684183 0.009770044591229772 0.013045170892732343
2 0.6467599446097874 0.8912537372255207 0.01073825928986474 0.014337412348631133
2 0.8355463712073307 0.9028636565629101 0.010191500412877403 0.013607394708014506
2 0.8867782096755437 0.7214692466745467 0.008989139554091951 0.012002037485903325
2 0.9173211247312127 0.8110086494099755 0.007920148637513749 0.010574753031693194
2 0.934888874356055 0.8407728032249024 0.009151775392216902 0.012219183020655153
2 0.9601257939591872 0.7785000283827609 0.009963465730804245 0.013303431091869154
2 0.983044127267249 0.8810160702049256 0.00971781502887922 0.012975433297134945
2 0.9203531221396938 0.9429274069549888 0.011200782824092346 0.014954959206660961
2 0.8609616435611175 0.9969246310182942 0.009526443435167578 0.008584184123381824
2 0.7481535048600195 0.6093661221064619 0.01053035012385781 0.014060347298901557
2 0.7152474153773247 0.7264694328817242 0.009350845582158752 0.012485447630302645
2 0.3485540823359581 0.8739890297156037 0.010834106523505143 0.014465382579373156
2 0.6409634790067199 0.9591216954917061 0.01052846242773672 0.01405782469721817
2 0.5428694453335372 0.9953990716378327 0.011230562345179 0.011269683571780858
2 0.5834447046856047 0.9153030087890015 0.011822516102367639 0.015785079381645317
2 0.6356128953360456 0.6202590079893909 0.011353104046244454 0.015158334068231112
2 0.26526333009033953 0.9503108674933458 0.010451534269198785 0.013954584344055056
2 0.2960291860971606 0.8288632759078927 0.010808714285704771 0.014432023153070447
2 0.6130512676159559 0.34045633221765964 0.010390485549169885 0.013873073870014263
2 0.5915597565768692 0.2691324050132649 0.012381893476464768 0.016532566703346692
2 0.486955846171635 0.30735479656693165 0.01113485218827289 0.014867490628793787
2 0.692641199448182 0.2250260022441141 0.008331835672959554 0.01112484343990667
2 0.8885171493852506 0.3117627718741569 0.00969852188274858 0.012949185226166
2 0.7420895100751174 0.445948379423342 0.010491025598685493 0.014007312017713715
2 0.6734236865137622 0.3629537017403998 0.013663500412872936 0.01824310694563448
2 0.9656547303962337 0.48321808922559417 0.009386494632504272 0.012533046306206412
2 0.2311315361940449 0.17904889248742784 0.011459783649877249 0.015301346196664668
2 0.09119093790756112 0.9967383104474042 0.015855599504500984 0.008596241455668913
2 0.030525853848842325 0.10033872797099469 0.01927860776217413 0.025741203969432802
2 0.23687819431994062 0.05824728914697746 0.01736762345170381 0.023188745314429916
2 0.48017707576919083 0.8971822735953094 0.013209639966972771 0.01763712568876006
2 0.6375907412677766 0.8003883644909718 0.020783922378203357 0.027751133406520415
2 0.4433304387761236 0.9571824655842442 0.015173302229555765 0.020259715545852694
2 0.28313817444660616 0.2632754431029139 0.011637829892640329 0.015538491730710704
2 0.29570227358391216 0.2506907688589333 0.013400505367446533 0.017891964719085537
2 0.50107697151465 0.15358966242834154 0.012600742361714415 0.016824777288384975
2 0.5225809104714183 0.16422480851300925 0.01840033113129143 0.024568512679468902
2 0.026800762444083186 0.016659141431923014 0.020783922378203357 0.025597369349679714
2 0.15508100979557318 0.1142153730338733 0.02186787778696793 0.029198453142466857