2 0.005727213886904843 0.20706299038926324 0.009449768786133643 0.017699360529160026
2 0.09265423292469296 0.2420148779787 0.013153236994258737 0.017561818081823968
2 0.0025848492724870192 0.40330875913747055 0.004091128819165667 0.015550023153251758
2 0.061069983189185724 0.46430731913364415 0.011795815854695949 0.015750022050580615
2 0.11296973025192092 0.5096580592747018 0.012649482246073044 0.016889219405386256
2 0.17423365178881758 0.4617701962501911 0.014875228736562305 0.019860972436771308
2 0.1770905186429379 0.3827187468553457 0.010339245251875946 0.013805178610162344
2 0.22073709487189822 0.4123929222745876 0.013915788604451834 0.018580656008879103
2 0.23041869903532797 0.48211193190786944 0.013923551610222627 0.018590320838161447
2 0.15233100628359958 0.5787415593839944 0.012854920726676697 0.017163517089127313
2 0.3021577989348402 0.5535255980173736 0.013664230388082782 0.018244082690344953
2 0.05265809761402201 0.6026898508751817 0.01409973740708629 0.01882556008838339
2 0.3905619551948407 0.5501337454622445 0.01304891742365035 0.0174231907381556
2 0.4961073123615848 0.6567289391676294 0.015089864574723073 0.020148307607686836
2 0.4603964772206057 0.7160634673072196 0.01464654913292867 0.01955564608622872
2 0.25136905568086604 0.7364050847659958 0.013631006606120438 0.01819972436599918
2 0.36135842780488203 0.7931948431470773 0.012346691990111248 0.016485563395164965
2 0.4478580062057474 0.8156593749813054 0.01339186705203041 0.017881104741101755
2 0.5043604831082645 0.7906546985880444 0.01386501403799639 0.018512859977494266
2 0.29545919873387744 0.9971887332417047 0.0056135697770670736 0.0009565722164436107
2 0.24311588489198457 0.9099610585168973 0.013916312964536206 0.018580656008879103
2 0.3326310449096522 0.88919118054359 0.012601122213037289 0.01682528555639655
2 0.09392653638972846 0.8245331717197103 0.01313737572254813 0.017540641676310077
2 0.1449315218643968 0.8459606461109883 0.013275023947154962 0.01772442557915733
2 0.06357777562810679 0.8998485555556062 0.014158519405441345 0.018904044101879312
2 0.5197625518872128 0.916444453317364 0.011512144508667391 0.015370679161867667
2 0.44003746954124906 0.9334704394533392 0.012061110652360641 0.01610425027557613
2 0.5198817224015692 0.9684750044075597 0.011833339388936782 0.015799530319738086
2 0.3948718398909602 0.885739976287611 0.01385661684558054 0.01850095038664709
2 0.23005900143746258 0.8386364861421263 0.010650537572241627 0.014220823594415202
2 0.7839564922671672 0.8079581456905788 0.01569752518581165 0.020958879823943285
2 0.6137689891257162 0.7666888536850469 0.01660926919901539 0.022176212789295723
2 0.7390823680137474 0.7344969210421303 0.014577819157745935 0.019463879823306825
2 0.8359913810181857 0.8054080916067551 0.015514405450032305 0.020715163175587553
2 0.7869401441496342 0.7376830434003617 0.014131300578028054 0.018867702315774025
2 0.02678222791089897 0.9991931935603902 0.011120720066070176 0.0021537640568407