2 0.2954124189698611 0.006038014998797085 0.011715906688666261 0.01468616427777719
2 0.18740698212823462 0.07016765784427047 0.01476645004129211 0.01971573539205561
2 0.11471559328088979 0.0252483196971402 0.01804541288188664 0.024094616317589662
2 0.14328426139425943 0.26386206937684803 0.018757916597849793 0.025045024255719837
2 0.07852861367892412 0.2498693462551593 0.015288860445930972 0.02041400992234526
2 0.01726469215736044 0.1939220131306099 0.01373410652353929 0.01833737817055894
2 0.20915091276858278 0.2729674160661219 0.015057009909168181 0.020103681367404078
2 0.11757246005041433 0.3295477690881625 0.015143185796855982 0.020219502756998454
2 0.23629114748827396 0.3903668355299396 0.015410293971907815 0.020576151046807475
2 0.037897619096518814 0.3517995951779376 0.015670225433503455 0.020922428886216163
2 0.007055035016076865 0.44505555593935403 0.011668299752259496 0.021080659316337225
2 0.06773600573932197 0.4787302347713344 0.013347152766337484 0.017820729879208543
2 0.13677695365237152 0.4821225858931127 0.014382209744034096 0.01920342998827634
2 0.004427575268728842 0.5775064514906791 0.007114154417854122 0.01866745975796778
2 0.18089967434875925 0.43041653444532557 0.014563212221329547 0.01944510915132841
2 0.11138258198246169 0.5613758314632972 0.013426185796903654 0.017926252480953635
2 0.06472042414232278 0.6063055566274853 0.015950042113935164 0.021296832414781378
2 0.20597661636059553 0.5825694574375844 0.014769862097469609 0.019720289967091634
2 0.2516864852907777 0.5509912459838975 0.012925274153609171 0.01725744873248328
2 0.29374591332670336 0.35624668034678686 0.014095633360884105 0.01882078721113051
2 0.4138930341156552 0.42173246021332195 0.016897834021471977 0.02256234619630934
2 0.4705542258589131 0.4984391488180041 0.013970511147806623 0.018653019845830697
2 0.5565776597854776 0.48021345361944007 0.013260051197363534 0.017704433296389196
2 0.3453282307220883 0.5988884257243037 0.015737597027270185 0.02101238147697546
2 0.5234062618263658 0.6063023754718991 0.014142549958710292 0.01888272216052737
2 0.6065728289261114 0.5812940339823772 0.012700674649036523 0.01695820948164479
2 0.43230395358336343 0.618166924363912 0.012795998348458805 0.017084844542878792
2 0.37897577312776687 0.691704266245632 0.015003378199825631 0.020032073870145172
2 0.6194287295793844 0.6694505903828795 0.013466892650681236 0.01798128004390192
2 0.4864257081509064 0.6936109550091897 0.01472545086705525 0.01966099338472514
2 0.5729252865262487 0.7368422806234219 0.015566417836475714 0.02078461080539023
2 0.28501659813451424 0.6527150395236984 0.016340691164302434 0.021817615215667618
2 0.6595835797089743 0.6374504483708456 0.0126410371593748 0.01687858103596849
2 0.5129310835479616 0.8139765434051313 0.01475565565648488 0.019702063947341013
2 0.6787880732334495 0.7652380202209953 0.015354619322863387 0.020501812568803082
2 0.6083186919949268 0.827751699001287 0.015252573080089798 0.02036555678005584
2 0.7454482988533903 0.7455292571861761 0.014728872006607928 0.019665561190291895
2 0.7311639647924035 0.8699237851070727 0.016185189925694052 0.021610808158303636
2 0.5665766936098648 0.8940816023977435 0.01605139719240612 0.021431359426501435
2 0.4956311678348923 0.9014971362315981 0.015397212221269886 0.020558683572351407
2 0.6583138611778104 0.9097604489738436 0.01464654913292867 0.01955564608622872
2 0.3834197881745373 0.8824224191016488 0.013858266721733766 0.018503155457646542
2 0.42659021995270097 0.9504497579874958 0.01590002559868136 0.021229251377210597
2 0.7848095749047278 0.8122811954624565 0.014724896779534976 0.019660993385751953
2 0.32263201103916983 0.7976625986682722 0.01642372502062299 0.021928479602352984
2 0.23660857715879657 0.9419696902529703 0.01402397192403225 0.01872510363808869
2 0.26787539721983983 0.8906874107309877 0.01409973740708629 0.01882555898558246
2 0.1947078639522201 0.8502125416768359 0.014213619322856714 0.018977609702284307
2 0.29961836178892604 0.6984857682399492 0.015269077621820644 0.02038759536848146
2 0.3454869455542253 0.9298961511458852 0.016966265070178677 0.022653716648163843
2 0.5161093076520686 0.9857607151267694 0.0175306251032038 0.023264735391878965
2 0.7222759347189541 0.9879541605045606 0.013781710982635698 0.018400940462914035
2 0.6456685914611098 0.9972703927088746 0.005606944673820795 0.0008389305399346773
2 0.8421056258605991 0.9370913532425987 0.011645379851354574 0.015549157662964051
2 0.8579771081706171 0.8589011444930961 0.014340655656458777 0.019147224917334258
2 0.11983414630592677 0.8924844444779702 0.011886487200642412 0.015871089305050975
2 0.1206673991207524 0.98879943265402 0.012498225433529684 0.016687266814061404
2 0.18925286656439583 0.9918340826684315 0.010477488852172558 0.009815081587428887
2 0.14864088665276978 0.7033551644077967 0.012716266721706995 0.016978389194364583
2 0.10840667906142487 0.7794850415775045 0.013096137076803167 0.017485581036521557
2 0.37252736614281073 0.10061491359653651 0.009966247729139217 0.013306643881618386
2 0.3221182333817667 0.2194790290237344 0.013658943848058037 0.01823771113577035
2 0.03685006189146014 0.9622688801423159 0.014684903385660985 0.019606854465750046
2 0.038759599117614854 0.8665057447992569 0.017202402146946114 0.022968147740655198
2 0.8912486137989443 0.07152826739978271 0.02084152931461886 0.02782700330741876
2 0.5570199303932697 0.3102262166196269 0.018427281585434708 0.024603570010533603
2 0.6880619208674787 0.19438196682343475 0.019243251857961875 0.02569399779516682
2 0.9209061134842603 0.31118792357681013 0.02146770189926536 0.028663050717044756
2 0.8266227141037198 0.3515007825950294 0.020479516102422896 0.027344683572329588
2 0.611889288438681 0.1774058088017453 0.016077648224593635 0.021466407938239132