2 0.5161053799752713 0.9978860856671514 0.0027179314615897077 0.00014164498385941444
2 0.3897683810773667 0.026733835313013266 0.01379580759705974 0.01842045314125347
2 0.30977611045117015 0.011055347401866445 0.015319063583820363 0.02045356890837669
2 0.4689670776215618 0.030335895766431205 0.01356008918252239 0.018105718853463477
2 0.2643836711140766 0.04708381032400745 0.017318909991748666 0.02312457552354253
2 0.5772105867268951 0.041142734027413246 0.013210068538396225 0.017638363836429676
2 0.6456166753144247 0.007085535864221485 0.013141245251862927 0.016707539140496323
2 0.7887774454415807 0.019954834365447142 0.014972562345170087 0.019991682469639456
2 0.868928430952402 0.0869161808080848 0.013452427745667924 0.017961288864961532
2 0.8068709352243466 0.06996222807745456 0.012890145334401295 0.017210546857343686
2 0.7822701377068545 0.1384132390917826 0.014932132122219516 0.019937699007603536
2 0.9271767708949432 0.05131298374351784 0.012395556564796578 0.016550810363804954
2 0.5129310835705044 0.08034541557903392 0.012704640792734293 0.016963504961267722
2 0.27787443105321535 0.22021256544850068 0.015759397192400958 0.02104228114670239
2 0.2902541872480493 0.2897155998755234 0.013634189099887067 0.01820465821419589
2 0.3711987468267889 0.2541107750079844 0.01155461354251731 0.015427383682521136
2 0.22232424310175125 0.23906994920096625 0.014195885218839098 0.018953932745971583
2 0.3318374708363987 0.08543039180436957 0.012149720891854864 0.016221953692508177
2 0.18923220251249281 0.000487418480776045 0.009588109000813229 0.004174682469843438
2 0.16899606267167763 0.05491129745130634 0.010122589595384378 0.01351589525925548
2 0.8496445799811203 0.24230123182621097 0.01399775639967147 0.018689398015125386
2 0.9934368630035602 0.19780754359067307 0.011134786952914122 0.017939085997189286
2 0.9442782930370911 0.2661413933933931 0.014144244426065437 0.01888569459820201
2 0.8257183204236299 0.20129513932246193 0.013403616845607758 0.017896793825837323
2 0.7533443612751184 0.2771068285183433 0.01353666308837959 0.0180737585447474
2 0.9524917851092504 0.3413221092212867 0.01684771098264183 0.022494573318609986
2 0.9553486519188137 0.4329412494978098 0.01357272749797085 0.018121910694259596
2 0.902941801748152 0.8558522984878363 0.01721465813376134 0.02298537596481079
2 0.9647980644554611 0.8680279802894497 0.016658328654006904 0.022241716647917013
2 0.9911941740560729 0.9581697340448856 0.015349068538419223 0.022957922821985652
2 0.898778399460498 0.6859166099861379 0.020697885218838155 0.027636255788624022
2 0.9710431678574778 0.7309110397575659 0.0175369834847203 0.023415751929796388
2 0.8222511000675072 0.6664565196815291 0.018467050371566613 0.024657596471537698
2 0.591182272538272 0.765452482266292 0.01598094962840103 0.021338102536105533
2 0.6674121860560863 0.7916589529030723 0.016223810900108077 0.02166237596467614
2 0.7859700228674775 0.4850067165695632 0.02218355986788218 0.02961884454188431
2 0.4467518642839101 0.48089650516986615 0.01836460858798208 0.024520813671270306
2 0.24542162454980068 0.8733242543808533 0.017808975227054862 0.023778026461469825
2 0.22539764208984264 0.8176109039675457 0.021885660611038058 0.0292210970238229
2 0.3528770552988493 0.8365278645688637 0.016687796862065733 0.022281060639107567
2 0.24581813907892344 0.9646426894647596 0.014868734104033563 0.019853048512245945
2 0.09786866456128905 0.9179300193632763 0.019205643270023606 0.02564281587670696
2 0.18039324582147956 0.8959638998128039 0.02168629892650318 0.028954915104735777
2 0.36972892177451755 0.7823953408585674 0.01675361767137257 0.02236894266874978
2 0.3450458938220145 0.6946520303009446 0.020627330305534673 0.027541011025617772
2 0.26931162347448384 0.7282671328293121 0.019153127993374732 0.025572699007948875
2 0.3389990476487742 0.765064534011411 0.02093577786951697 0.027953894156859952
2 0.2968693815165374 0.6774427083381498 0.018921174236164143 0.02526395148859496
2 0.40710041381275086 0.8334842595305652 0.016973877786989396 0.02266302756357285
2 0.3570404576011633 0.9320857935434139 0.015924883567300124 0.021262441014269287
2 0.29905021134516896 0.9371126373940226 0.014521582163528106 0.019388794928764497
2 0.48209404011753415 0.9922394587380079 0.016553644095793595 0.008787199559127615
2 0.09544001322168115 0.6845812229870879 0.014176432700277077 0.018927961411293444
2 0.1414356957552443 0.6047815433082139 0.019354213872796785 0.025841183020900667
2 0.3663585484810854 0.38071145465989753 0.0218694913295243 0.029199508268308087
2 0.3240306250941167 0.4128629684801467 0.01632163005779689 0.02179298566730309
2 0.2818018303590755 0.38004483779853304 0.019353485549127178 0.025841183020900667
2 0.13519059229910552 0.19329203650162297 0.018278415359169842 0.024404809261901177
2 0.16205444999583662 0.21274013270735906 0.01408829397191605 0.018810988974766733
2 0.03596283753726879 0.2359064451563598 0.016402717588798542 0.021900431091805804
2 0.05069420660340668 0.19427920050524758 0.014954020644080133 0.019966173097655554
2 0.07969530285381259 0.22040802771338522 0.012711337737404163 0.016971807056152834
2 0.12230185171690963 0.3195268608765243 0.015278162675458649 0.020398957000751675
2 0.010951963602469098 0.4790309049577227 0.013813245251863613 0.01844304299973929
2 0.47377604298084214 0.5262052833884051 0.017893953757250218 0.023891485116496896
2 0.535716655997386 0.4795109778324341 0.014993406275760622 0.020019513781797532
2 0.579755357729606 0.24112501380761803 0.013697270024750493 0.01828819514963829
2 0.457903014932358 0.23268548788989524 0.016973377374094288 0.02266321278997628
2 0.6415766245957282 0.1415363787699084 0.015586433525981257 0.020810552370604106
2 0.7323989877684451 0.11747142847816336 0.013773487200647128 0.018390650495418576
2 0.9282458970702155 0.6340800131709123 0.016020849710972528 0.021390572215955143
2 0.9806388240755254 0.5641348592232597 0.020540011560701642 0.027424424475976886
2 0.8444649523424894 0.5332201426713229 0.019935402972710223 0.026618171995659714
2 0.7185548430912502 0.6906477042782925 0.015762127167651005 0.02104592613070842
2 0.4799820388927129 0.6846001886566556 0.01994111808420649 0.026625802645987556
2 0.5345231952260284 0.6710446999308703 0.013905738232898411 0.018566538037602866
2 0.4872621494677213 0.6316879557316266 0.015105080099055016 0.020168624035890863
2 0.9360033919606308 0.9851160529454659 0.012686184145341775 0.016938862183399277
2 0.7536425891700609 0.4380837128710211 0.016566336085867217 0.022118888644433798
2 0.9079570643204663 0.7962944741066147 0.015372960363352452 0.020525529216708003
2 0.5400131146857456 0.9111888001353584 0.018092750619301337 0.024157823594297308
2 0.8819396199178721 0.5156893637544725 0.018439644095826276 0.02462007607463768