2 0.19803814129266753 0.8564511948761088 0.01996205450042553 0.026652753032752146
2 0.10029731591243272 0.8036393062832797 0.01856045829892408 0.024782317530367904
2 0.3256166830919814 0.7911940176941479 0.016271594549974535 0.021725360530016835
2 0.3470284663700548 0.8444020665130582 0.017382786952950827 0.0232098654904449
2 0.3918346053396577 0.8655817604930753 0.0190732369942396 0.025466988974198485
2 0.43540163656312536 0.9762978551790217 0.02019160363336173 0.02695924035338182
2 0.3594691089095285 0.9826409087579003 0.01482627580514713 0.01979561190735939
2 0.5028586666385045 0.9075365708350248 0.01826658464079372 0.024389011025543774
2 0.4327747279644596 0.8896716169041583 0.019775105697778843 0.026403144432196872
2 0.5511343075823547 0.9218283752112957 0.01697387778694133 0.02266302756357285
2 0.310747389215976 0.616755258094811 0.018088190751454025 0.02415082469590772
2 0.3904468046187313 0.6654643592134102 0.019686455821607288 0.026284782800211466
2 0.2738715402531925 0.7321748511070979 0.021984217175867786 0.02935268688031042
2 0.23461660431826972 0.6633433120596287 0.017952281585500385 0.02397026681334043
2 0.19902942754190975 0.7132475072191463 0.02156725433526459 0.028795970232116084
2 0.16839868207198733 0.6702340090064108 0.022345975227115643 0.02983569680243862
2 0.3168933639981731 0.4768614491556649 0.020365763831551822 0.027192798235721665
2 0.2878486765913406 0.39136185900379045 0.020839815854695166 0.02782576295414728
2 0.24244776576953347 0.4562174407806342 0.022085061932298332 0.029488442116545343
2 0.26336390589015685 0.5661984236567983 0.01931151775394249 0.02578417750849679
2 0.4633063448323948 0.5319152519614112 0.017474118909993903 0.02333181367133556
2 0.47787825283480995 0.2733019237337755 0.02046952105698681 0.027330309812846166
2 0.5745286633630462 0.2662831717360736 0.018302054500417258 0.024436370452173884
2 0.5064272971660484 0.34292079706685547 0.021044380677097595 0.028098902976204043
2 0.3826156431745813 0.2718502636074757 0.0228821824937882 0.030552773979772806
2 0.492846675433688 0.20738290685876926 0.016832563170930948 0.0224751951491261
2 0.41711240504477265 0.20063318019422735 0.017001003303052126 0.022700099228309362
2 0.5601550125644614 0.21002662460224203 0.014926019818324004 0.019928786107836972
2 0.3429641926667959 0.17153004649718515 0.02497790008254617 0.03335101984527533
2 0.34187377779619593 0.11222150824992798 0.017216447564007285 0.022986899669125035
2 0.2775392994755386 0.06722207593627874 0.01765491742365605 0.02357233186327373
2 0.5679861739960662 0.11631978667405862 0.014683087530963486 0.019604432194307856
2 0.57393389162918 0.09275885166080777 0.013684980181648767 0.01827247519366435
2 0.6647357131415266 0.15947166358273734 0.017256843930623295 0.02304170341790544
2 0.67871284945146 0.20725051886807663 0.016813872832373095 0.022450239249723815
2 0.9558764881083148 0.16027207914821992 0.020678887696103074 0.027610888643048562
2 0.9463601399884171 0.25662740313395643 0.021572720891829506 0.02880327012122926
2 0.9965370766294894 0.18370875170251072 0.005438004128804506 0.022578135612312922
2 0.8301813901652191 0.21162623275983194 0.02107130388111533 0.028133791620825657
2 0.8765735872168018 0.6870370397658437 0.01916441205616165 0.02558776516007319
2 0.8500071153690993 0.7410402740377526 0.020755555739072187 0.027712212789232832
2 0.48204165516884745 0.006446832665699188 0.01699059702726896 0.013899004410299275
2 0.45131178107179937 0.09104995687862873 0.019938411230375586 0.026621187431275714
2 0.2015076432104375 0.0840353786436042 0.02002790751443056 0.026740679162109832
2 0.058663292923995275 0.06511026500830018 0.0208170115606937 0.027794267916528236
2 0.10287466018116924 0.04445704874144138 0.017644230388147213 0.023558950386407488
2 0.25017979863952633 0.31591841201025833 0.019718375722548913 0.026327401323628007
2 0.16512743738640645 0.28336966941040725 0.025403836498782577 0.03391973980185971
2 0.08106636239666012 0.3376192611805446 0.017026413707698994 0.022734028666127216
2 0.11040843579056615 0.2783328600283281 0.021279201486388653 0.02841137045154465
2 0.20854577565522253 0.22750085787262353 0.016846033856314994 0.022492334067969365
2 0.021886572645776033 0.7320283392481218 0.014406909165991598 0.019236409040671067
2 0.052814703985299256 0.6503680157233872 0.01543040710156645 0.02060300551248096
2 0.012865867641174583 0.6858358377531221 0.013822147811747223 0.018455625137944666
2 0.0060371176012261815 0.8066928850378032 0.009867857142853759 0.019523846747429657
2 0.7890430103095258 0.6205951275412802 0.01906499174237213 0.02545598125682842
2 0.7959820141297328 0.5742767270348449 0.021869491329476236 0.029199508269334904
2 0.9775856572189303 0.5237115573696587 0.018585493806772654 0.024814810363581977
2 0.9138459506260349 0.9583590599567585 0.017555564822439522 0.023439679162365272
2 0.8305779046692996 0.8462565583089632 0.018120755573908062 0.024194306504010103
2 0.038936696350701384 0.2191697521856036 0.020839815028925048 0.027825762955174096
2 0.13449669192609717 0.15788300893276666 0.016940267547447093 0.022618151047033932
2 0.5985354264348981 0.6223939834049643 0.021500791907477754 0.02870723043076587
2 0.5467197050154075 0.6871247675152785 0.01779513790257372 0.023760445424188197
2 0.7518485001673649 0.47649768291527966 0.01712662592902472 0.022867833516768937
2 0.6503511478619352 0.7897062538265607 0.01994805450038446 0.026635065049450544
2 0.07026696296786185 0.10638071472172306 0.013385423616864537 0.017872500551665303
2 0.5727139392664462 0.033882441781584456 0.015993553261792873 0.021354930540043636
2 0.693014782992527 0.056033668767500676 0.017047058629228878 0.022761593165149238
2 0.7412305973222865 0.07914403082172426 0.019651193228745596 0.026237701212673097
2 0.9374355448758488 0.09586770971158834 0.01543399009086087 0.020607015435289193
2 0.9194142875206041 0.6903969443422694 0.01772855243600042 0.023671538037142194
2 0.47222454400023084 0.7777208456340376 0.018455086705162597 0.024640695700193976
2 0.10714490015518642 0.5767839235616098 0.01864175061932915 0.02489085997790591
2 0.14939341072289583 0.5917577943153671 0.01603979273326426 0.021416671444736874
2 0.06286750625738025 0.9703645804073444 0.014519076796068212 0.01938544873193383
2 0.09580702302572922 0.4450019631563566 0.017741401321243133 0.02368869459771992
2 0.35765231185965507 0.4754447618359751 0.021669777043792093 0.02893285556719972