2 0.556281971890544 0.9948478320309566 0.011915697770442777 0.00462824145543503
2 0.8730987154720155 0.9936385487772056 0.01411527332782124 0.006537829106827621
2 0.5973392616441008 0.5406355385739426 0.014346681255164681 0.019155992282289588
2 0.6710028451659085 0.5680554209086046 0.018577711808433314 0.02480442006584532
2 0.7335640225495738 0.5897025099802503 0.018530844756381695 0.024741843440328634
2 0.6490623758953722 0.41781804494584407 0.017989326176725013 0.02401972987895468
2 0.3155496204264222 0.25699248316655676 0.017356752270852267 0.02317510253637865
2 0.2446175812326201 0.3382933925397801 0.020696929810068036 0.02763393825759994
2 0.2145705932759373 0.2894730866725465 0.022582725846419353 0.030151797133028638
2 0.29968904024729287 0.3500544387444673 0.01868356399670317 0.024945749724622664
2 0.36445307597486437 0.42758569404248725 0.01945392072665475 0.025974308710459047
2 0.4026065827629965 0.3938231750575224 0.020735158546655467 0.027684979051425477
2 0.24620363926850483 0.1249897813664743 0.016275514450882086 0.02173141124550471
2 0.4024303540799203 0.3239305096420705 0.015447345995015451 0.020625624035576474
2 0.25160064224420425 0.42173034445379576 0.018268645747294025 0.02439268246958445
2 0.1715707980924225 0.4985791706883625 0.015718965317910148 0.020987504961784382
2 0.2473050684881632 0.5264647988163041 0.01740854665566648 0.02324338588769144
2 0.2909216639595118 0.47387793904340847 0.018406768786114535 0.0245771069457506
2 0.13509146367409477 0.26635289219204983 0.021389754748138777 0.028560052921558096
2 0.17659331513242874 0.20335274654653132 0.021495657308001386 0.02870145645054199
2 0.13628100718643238 0.3685280124409393 0.020355360858801068 0.02717890959159115
2 0.06160410883243124 0.19858234442766373 0.018412461601961774 0.024584708930441932
2 0.030015119980627704 0.28928838473823754 0.01813208009909437 0.024209425579284162
2 0.036359352047453636 0.37117160499699686 0.018361852188280483 0.024516210584288264
2 0.10270944582566605 0.4226995768023464 0.01743261436828928 0.023275519294054334
2 0.04177838361610195 0.4433546954613947 0.021850288191567615 0.029174968026282704
2 0.07250825774319113 0.08740286426382528 0.017102675474845612 0.022835854464544284
2 0.560948041529219 0.022285998297820346 0.017718696118935 0.02365837816884197
2 0.5068238117025733 0.02413852557708338 0.017392483897584864 0.023221939359611882
2 0.6372770837111695 0.01593585290803339 0.01915210156895114 0.02557132965777287
2 0.7138043830810887 0.1760762453083331 0.015079284888512626 0.02013342337458997
2 0.7873578236732881 0.03870401124119791 0.020952517753905324 0.027975192944526408
2 0.8645790234081405 0.09256123967444095 0.01524462180012571 0.020354942668151303
2 0.8306770332898882 0.38573054618652924 0.01848406853837028 0.024680319735051318
2 0.18455664809658842 0.9430679106764503 0.016283668042939237 0.021741480705181452
2 0.13489320643676267 0.9001781825292465 0.01242078117260857 0.016583865490981276
2 0.2389782638852173 0.8702715554684318 0.015286392237789987 0.020409947078440918
2 0.2874521620409247 0.9560342844187507 0.014043587118058068 0.018751295479558727
2 0.18475490538717743 0.6382570045465211 0.016136364161819804 0.021545614111786574
2 0.24314166617421717 0.6659164637431929 0.014720517753901824 0.019654405733535545
2 0.24680942533181865 0.7310345692564184 0.014859479768770808 0.01984069239175668
2 0.4980013639559242 0.8287180841806968 0.018302054500417258 0.024436370452173884
2 0.46816364748555894 0.8821825103232557 0.014895143682882344 0.01988831091499677
2 0.4594849852249922 0.9929564101734458 0.01411154748140169 0.007612904079890961
2 0.17196731263264847 0.8063456397462542 0.01585998265893667 0.02117658434425457
2 0.08959142426082681 0.6647213281685735 0.012652312964508595 0.016893636163163934
2 0.30400664266285393 0.6696174925341052 0.01215159620147223 0.01622506835659126
2 0.32422888235048286 0.6636677064328088 0.01548380264243331 0.020674302094834708
2 0.36219514616016985 0.7287854969269435 0.015286393063560107 0.020409947078440918
2 0.6962586162289033 0.968077241329121 0.01337708670518674 0.01786137045111585
2 0.76482377145101 0.25847865736816394 0.016110900082547775 0.0215108059541771
2 0.15034817931357453 0.06469986060287192 0.015477641618485284 0.020666074972957076