2 0.9156522944523541 0.24729067938917756 0.016573929810061325 0.02212902756311336
2 0.9892277636852317 0.31775662863920745 0.013859463253552225 0.018504751929366403
2 0.5562339246884053 0.006089349639783752 0.01370737324525509 0.013673444321664521
2 0.6682272436275877 0.007990686425193733 0.014173554087559131 0.01892483021033047
2 0.7628620387651764 0.06317068219529885 0.015840987613560013 0.02115042557962477
2 0.7546674056467677 0.016229051903563798 0.01573278943021358 0.02100596251325577
2 0.8730490137947416 0.006151729772666258 0.015069869529326315 0.013583022050658096
2 0.45944032844370974 0.005027022779546472 0.014433345995062054 0.011658079382093765
2 0.9621521319508011 0.9110416300120417 0.017390590421121004 0.02321941014317654
2 0.5372400077601182 0.9960715624174183 0.01178274483897344 0.002682245865283491
2 0.7028497783814208 0.9332308016456623 0.01786134764657861 0.023848850055173648
2 0.6351564223337827 0.8688337708070726 0.01714768042940951 0.02289508379350982
2 0.5900844274410109 0.8190360604626227 0.0223409578860349 0.02983012017634797