2 0.9086475532982978 0.46284489959885 0.01692146325347796 0.022593045204697133
2 0.9149422096483149 0.5384803643242724 0.014561159372434303 0.019442368247428173
2 0.9269413982186268 0.3940304938730473 0.015362808422795339 0.02051274751876753
2 0.8828788041207335 0.3895698979429186 0.017681184971101757 0.023608292171643286
2 0.8798298299248952 0.5900917207501837 0.01601208092488693 0.021378863285590362
2 0.9633323799363187 0.12207398755740798 0.01851251279931588 0.02471736714432823
2 0.5843743996739962 0.4055872539134312 0.015717597027252714 0.020986467475623976
2 0.7028909753911923 0.42122412537755455 0.02108002807595094 0.02814650055136051
2 0.5371644774027527 0.011062833090346664 0.019286943022311688 0.023070089305446063
2 0.680417085271246 0.03815448168940357 0.015048162675449974 0.020091868798395304
2 0.5433607797211357 0.0653473813787037 0.020450241948804 0.02730559536934622
2 0.3726674044967347 0.28083215867371486 0.014814376548283697 0.019780469680453477
2 0.3011148660125528 0.21209615615916325 0.020091644921540003 0.026826790517530803
2 0.288427199368124 0.28537517479829316 0.021490968620976776 0.0286941168688098
2 0.23326446744637383 0.9636766833449327 0.016576631709367642 0.02213346968017839
2 0.6328516044364788 0.30444153316130057 0.014631283237003974 0.019535997795205987
2 0.5920477908090815 0.2629598697776831 0.017484512799369474 0.02334569129053721
2 0.6296077866116743 0.35846598156396187 0.014785842279116081 0.019742370451684494
2 0.43642989919262515 0.5579229024174195 0.015039511147808072 0.020080317529544745
2 0.23002064964286237 0.8504990450411526 0.016251405450041712 0.021698402425699356
2 0.2872142795699054 0.9011024842644573 0.015539346820808268 0.02074846527061724
2 0.3380910011351956 0.7799527514530828 0.01865159207267662 0.024903999999896627
2 0.4299422635550805 0.8650888353267884 0.016877202312119803 0.022534797133419913
2 0.16813202022323362 0.7858723184235533 0.014691473988463917 0.019615629548258268
2 0.04341576147325026 0.7088263321579603 0.015304629232061136 0.02043429548033773