2 0.07777434193940055 0.048562477358186654 0.00988106523531056 0.013192910693848738
2 0.058317891403788145 0.12146256666306032 0.010673480594517627 0.014250920617248546
2 0.02392974630044158 0.06427175588720985 0.010876159372435334 0.014521532525670896
0 0.26703906158208546 0.8997499028255684 0.012622976878611409 0.016854466372421124
0 0.1619036348385588 0.866079813975311 0.01290242113955519 0.017226937155073965
0 0.1759927291950364 0.869720836895977 0.015723027250172706 0.020992928335510908
0 0.22039113573873806 0.7778788726066281 0.016631127167621922 0.022205395810922162
0 0.23187552360519012 0.7596957510339287 0.014420971924033013 0.019254461961748057
0 0.24785894996244928 0.7294998895243434 0.012876320396375809 0.017192088203071366
0 0.29036302450301416 0.7178057504298274 0.014863265070206355 0.01984499889819204
0 0.23471702162080624 0.7152694339413184 0.011045758876959931 0.014747975744274182
0 0.24347830717022162 0.7128990880976602 0.011495976878597741 0.01534909481755658
0 0.14461785523292225 0.5783846114670741 0.01710808340211658 0.02284221499419002
2 0.15965411555237144 0.32720401818641226 0.02059464079270587 0.02749840022078094
2 0.2641975635484447 0.30696191394839195 0.016129655656512462 0.0215358478494621