0 0.0066852233519037055 0.4839286687162673 0.005850947151132832 0.007812013230445695
0 0.014729233913100152 0.48446597767400307 0.006014545829910908 0.008030446526587272
0 0.015231984550632079 0.47614203696472873 0.005830174236147703 0.0077842789411528375
0 0.02387929590566785 0.48245347204054434 0.006737355078471722 0.008995859978192761
0 0.00011695923026448114 0.42441246257797133 0.00019369116433666178 0.003027431091833798
0 0.04755885197763146 0.4677534231088456 0.006972120561501247 0.009308971334228245
0 0.03338128337335698 0.38532442741646394 0.007821962840631712 0.01044405071740475
0 0.6688581168809525 0.4527233158686951 0.010256113129680243 0.013693664828777445
0 0.7098825706987474 0.49796158344666613 0.007809321222150841 0.01042677949222735
0 0.6586020033876546 0.471784051991342 0.00863795293144948 0.0115331433294495
0 0.6477425891904004 0.469905811319869 0.009331138728370676 0.012458665932034776
0 0.5742404427948757 0.5193086158660833 0.00836441701076791 0.01116792723236661
0 0.5317077369863782 0.5313921937412996 0.008868955408740546 0.0118415700107435
0 0.5891218622986356 0.481047585259511 0.008731086705194157 0.01165749393649966
0 0.6087291380573655 0.4968883778721242 0.008291264244424092 0.01107067034129041
0 0.5598617739224954 0.5156825823358198 0.0077361899256378625 0.010329524806753015
0 0.5786646485749635 0.5348807250117716 0.007824547481446271 0.010447500550825778
0 0.572128890031723 0.49057829467109443 0.008106611065261227 0.010823711134748
0 0.5942499189933975 0.4656018383704463 0.005075350123850597 0.0067767144428297075
0 0.5795695997774505 0.4895022771040916 0.007061189099902889 0.009428248070221489
0 0.5540298662944577 0.6091180650636455 0.005758417836501179 0.007688761852032689
0 0.6008862277231788 0.5622669938805923 0.007208820809260269 0.009625007717766467
0 0.6766004770277333 0.756261681041207 0.00785292072669033 0.010485385887554818
0 0.04796105248966615 0.24167498013019037 0.007699513625098634 0.010280552370496332
0 0.05987624312492593 0.3969382440954726 0.008394265070197677 0.011208200661923486
0 0.06254082161236807 0.45338644994506994 0.005863030553290899 0.00782814663716786
0 0.0635965979850042 0.44365285595010273 0.005703734104005539 0.00761574641683333
0 0.010305028094175255 0.1639435325175228 0.007784034682060557 0.010393016538331173