1 0.680873654798826 0.6924101880894278 0.011775147811746921 0.015722426681347035
1 0.6394023114994544 0.7412582411561182 0.011968922378240779 0.015981158765306022
1 0.7025626906522371 0.6994101805448154 0.011242101568914028 0.01501069239175405
1 0.6879047158639109 0.7772182493214932 0.012155393889363438 0.016229528114363928
1 0.7303294233666713 0.7159572494747127 0.010869615194083958 0.014513339581380803
1 0.7241325560165262 0.7687851827059766 0.012180611065244356 0.016263810364281
2 0.47190813625094497 0.5599452411569039 0.009948758051202353 0.013283792722974355
2 0.5391798985774112 0.6507180652723883 0.009270824112306087 0.012378133407279505
2 0.6581120842049828 0.544112270867376 0.009282720891811095 0.012394485116218521
2 0.6750342989928557 0.38946009805485554 0.012304032204757674 0.016427985666670898
2 0.67408093477846 0.4674222417619355 0.010554500412867688 0.014092060639764271
2 0.5540762144303554 0.40855114599597425 0.011004646573081908 0.014693637266590813
2 0.7648888761031539 0.6240292827382092 0.010582886870385591 0.014129962514400022