1 0.7924298748430126 0.1243784236192884 0.010671502064404398 0.01424827894181539
1 0.8155098354907646 0.1318619710936436 0.01058701238646668 0.01413600330775996
1 0.8184772589989256 0.11703356050669556 0.01305819735759454 0.0174349239250068
1 0.8092452747277027 0.1499106959658526 0.010277106523508795 0.013721692392267821
1 0.7985845310024227 0.16663905329665513 0.010246115606933798 0.013680831311514976
1 0.7719876239528844 0.18483946746669078 0.012613674649066261 0.016841411246592643
1 0.9947312570018016 0.5418797408147431 0.008528435177546192 0.01789041786108581
1 0.8429859791063583 0.19116309832662443 0.020049678777847486 0.026769748621937525
1 0.8665055580979173 0.2128827643232644 0.021215054500424307 0.028326789415189884
1 0.9852024985599992 0.5142806505932254 0.016271816680406264 0.0217256560087894
1 0.8996967396075575 0.2836000226394919 0.014560593724180426 0.019440880926303326
1 0.8816723893559019 0.2982734148149289 0.014156801816667057 0.018901748621739784
1 0.8498000627533844 0.14127770472572584 0.023791350949648692 0.03176671444400406
1 0.8695828861613761 0.17414777722546487 0.023661921552457776 0.03159270893121107
1 0.5526180931065223 0.07141365515542562 0.015554697770430398 0.02076896141122004
1 0.8050689009085246 0.1273116682724906 0.009815407101563652 0.01310524586567608
1 0.7910011153932335 0.14389934913946323 0.013079536746507534 0.01746407497259393
1 0.7886931192872755 0.17632768889878853 0.01219297027250738 0.016279699007724847
1 0.8679343175734597 0.2706833494336333 0.012705272502020927 0.016963710032953844
1 0.8185871635966174 0.348032510686407 0.021719174236166858 0.028999900771869713
1 0.8355124680615995 0.3233725314902382 0.017584731626760025 0.02347862293231152