2 0.7029651579015268 0.8037508392661333 0.009637654004933837 0.012867915104199797
2 0.6220375801432566 0.15886607084858673 0.012392806771255932 0.016547137816963344
2 0.5235211691762125 0.00888531445602598 0.010537496284059918 0.014069358324334272
2 0.5763245974480394 0.04362030464400103 0.014791255986825952 0.0197495986772198
2 0.6242920682027445 0.005345957622737054 0.012396682906683618 0.01254089636155204
2 0.5312325609437902 0.04920192310420227 0.013341303055321153 0.017813590958985565
2 0.604556133373497 0.2614043066986603 0.013023018166841977 0.017387954795439423
2 0.680493736922486 0.27920372063723264 0.012755293971895449 0.017030496141013856
2 0.7164366645988425 0.2566961872154208 0.01506360198180195 0.02011324035346738
2 0.6836305742626348 0.6128675127134976 0.01424347151113708 0.01901746857829203
2 0.6350095957165494 0.7430533584404445 0.015431642444292121 0.020603878721348376
2 0.9491507835814734 0.44037093832481 0.01730435342692503 0.02310513891998469
2 0.9455564908400096 0.6254344333688161 0.015475858794400294 0.02066291620710489
2 0.9218995093235236 0.7826704819776044 0.017474291494651063 0.023332044101282215
2 0.6474262434639487 0.8945212487322345 0.012338204789425313 0.01647423263413312
2 0.5934465011931409 0.8618875321621011 0.011973289843092262 0.015986388092275296
2 0.7050656292822176 0.9713039399908143 0.011669387283239322 0.015581212788943484
2 0.7817874421838238 0.9810842828457516 0.015934273327805 0.021275778390393237