2 0.032169173442261424 0.5609099707528209 0.01257090834023248 0.016784941566062736
2 0.03862331496613349 0.6633856034403319 0.015039447563989542 0.020080232634409327
2 0.04725113109519942 0.5906010977430998 0.012021709331095951 0.01605103638376363
2 0.09232979839938577 0.5645309346137607 0.014850279108181283 0.019827661521387797
2 0.1461031641270873 0.5916739420004213 0.012768959537585682 0.01704938478496792
2 0.027453971605841763 0.7563425040020388 0.013057644095796319 0.017434186327795868
2 0.13747534797821828 0.7753637851069064 0.013344986787801077 0.01781783902929334
2 0.11252825174863858 0.8407730187526612 0.012059334434388539 0.01610187872168182
2 0.07219822737789182 0.8333159022899848 0.011655187448415549 0.015561667033763809
2 0.020832624323183516 0.9188634124404803 0.011059253509485176 0.014766551267721226
0 0.21115726745352117 0.8026477876083377 0.012151016515270521 0.016223683572336292
0 0.11461897653106116 0.7300167022346875 0.01298967134599704 0.017343432194827476
0 0.2535341251244969 0.7840505990024159 0.011150920726649208 0.014888944873399416
2 0.753294503149495 0.06188507061431137 0.01765324029728115 0.023570980153805366
2 0.25976207952335606 0.8985627808073143 0.018788600330295627 0.02508693715596475
2 0.26454244260952103 0.8158143802598332 0.017413524360021825 0.023250906284623334