2 0.033250437215542376 0.21197545339169582 0.010309037985135959 0.013764327453591069
2 0.073558167408222 0.12327345976936646 0.011375497109850778 0.01518823153235618
2 0.01380998328786488 0.006588619946817382 0.01114383815026563 0.014878928334818785
2 0.13018517773804153 0.13779765676887748 0.010390484723399764 0.013873073868987448
2 0.11462389696138534 0.0255764890267065 0.009511883567311532 0.012700468577986712
2 0.45487642916134563 0.88625190043442 0.01422468290670408 0.018992382580211103
2 0.36846450314513685 0.9132760711047129 0.012264453344311239 0.016375757442723626
2 0.542893530259093 0.8104005856788589 0.010738259289816674 0.014337411245830201
2 0.524255663854761 0.9709599040923055 0.010298619322897136 0.013750415656801884
2 0.8687440747988098 0.9118449165215746 0.010978066886886323 0.014658146637441569
2 0.7583436986828407 0.9262510563679196 0.010536012386450964 0.014067907386398827
2 0.7963328426613447 0.8625501177572494 0.010059160198222285 0.013430697906068233
2 0.2708163514299665 0.9275615319893044 0.010885366639137748 0.014533824696027917
2 0.8516222070999678 0.9630405713065785 0.009508060280786955 0.012694885336117286
2 0.6288595742971019 0.8418361799290369 0.011950966969465423 0.015956584343639467
2 0.5527921100325873 0.9014860704272181 0.010848776218018007 0.014484971333521007
2 0.37866753665932235 0.08007079169108987 0.01014582824115207 0.013546414553190868
2 0.3460780930701331 0.21196558416842626 0.01081599174234647 0.0144417409034489
2 0.35784415191761004 0.4928192679165496 0.010987284888504157 0.014669902976951433
2 0.6268083113722479 0.9446152887761987 0.016538176713449825 0.02208212458619965
2 0.567911012849221 0.9968857666962219 0.007875457473143837 0.001454465269894558
2 0.686958733259994 0.8851743492789673 0.014169017341082899 0.01891877177523607
2 0.8018890036230897 0.841680827187097 0.01859042609415596 0.024821395810196524
2 0.9539133783973581 0.9872534002322199 0.018614927332774867 0.017354846747166988
2 0.502097410966558 0.6441549524395853 0.020783922378203357 0.027751133407547233