2 0.0014746095281491143 0.19784085669933665 0.0023005053674583775 0.01351519625186263
2 0.0760512745971976 0.1189661098545563 0.012617353426925468 0.016846958103219033
2 0.012280676373510147 0.8796739465841467 0.016121742361685464 0.021526092613093316
2 0.0011886138039080443 0.9582199617612454 0.001845028901739549 0.014211675854525072
2 0.05594619745842368 0.46963349045197816 0.01602084888525047 0.021390572215955143
2 0.10929389307628218 0.7789211160120325 0.012944511147804287 0.017283134509489977
2 0.26695005835171803 0.718535367848173 0.016777575557386622 0.022401775082505525
2 0.1865108037048018 0.7279343756517476 0.015424177539227245 0.020594689084264185
2 0.06298761591442163 0.8995581719369239 0.018930559867866487 0.025275532524856148
2 0.1362661060523957 0.8730944646378649 0.012489312138730656 0.016675993384302583
2 0.026050231337743795 0.9955366435938215 0.011979744838943672 0.0035559492834659895
2 0.11967700159684375 0.1777899419116688 0.016683283237008645 0.02227503528188023
2 0.18448192041334993 0.24383795566039515 0.01587975639967182 0.02120218963527594
2 0.04472766643237979 0.6144806858883245 0.01632844095787804 0.02180208048507029
2 0.35998032389818724 0.04480992787843108 0.014193655656484163 0.01895095589812003
2 0.47395582561297334 0.14998269965923508 0.0160776482246417 0.021466407938239132
2 0.35132773346134977 0.026563077381593324 0.013343296449200398 0.01781558213897189