2 0.992356977606964 0.07811515030883409 0.012993530966166535 0.020546285556721715
2 0.9466781206529462 0.07845606239227108 0.01399326672170751 0.01868340242633549
2 0.962098129157959 0.3183463272795722 0.017570802642420492 0.02346002425620581
2 0.9735529925910203 0.7174089705456529 0.01847041288192148 0.024661157663209237
2 0.7455130953084667 0.8286972711573313 0.015082175887686228 0.020138041896677793
2 0.810277131024214 0.7912833795779053 0.013958823286507565 0.018637414553429616
2 0.8063119860167187 0.8972905485304493 0.017622203137867866 0.023529539139409444
2 0.6981075834649697 0.8429342521715996 0.015957583814996283 0.021306904079033167
2 0.7196955953664216 0.944700116980636 0.01619962345168316 0.021629265711828657
2 0.7857813460981258 0.9383462197265394 0.015701173410416772 0.02096374972406138
2 0.6195095972319804 0.8703441352818609 0.01485395953758073 0.019833321939812933
2 0.8616610119701555 0.9431239869219663 0.014745378199830947 0.019688340683304422
2 0.8929040993736483 0.9009545044603838 0.015440563996696213 0.020616566703799608
2 0.9760482718298172 0.8966241638785045 0.015740274979339174 0.021015957000951848
2 0.9297811861381067 0.8232227098350767 0.014992360858768487 0.02001811686878595
2 0.30671207424560654 0.7945031622730713 0.01607830222957736 0.021467281147106547
2 0.07486446387503445 0.3312491885763249 0.014826442609413456 0.019796579933490155
2 0.1311190939503764 0.2809851554344596 0.014258255161013159 0.019037923924501703