2 0.31366474271181305 0.1603545680921422 0.019674620148658516 0.02626996912891836
2 0.1214873795012092 0.14141307285008284 0.01944992981009373 0.02596897905222176
2 0.09011867650977584 0.12493461661775984 0.015327265070207974 0.020465288864697156
2 0.028791099758255414 0.08211227345907735 0.016098053674615417 0.021494461961764157
2 0.07963307072772068 0.3288184363680431 0.015440890173393923 0.020616227123257936
2 0.13285412864750334 0.4279924872523336 0.013842646573071502 0.01848229988916575
2 0.2669641455299641 0.353639927247073 0.014344516928168514 0.01915310253517532
2 0.3358695549631036 0.4582292070569185 0.014605181668054475 0.019501147740402455
2 0.9398052025717875 0.12000144949509396 0.019696704376547372 0.026299456449671185
2 0.9139877025521642 0.09164285782597294 0.016707670520216267 0.022308434398748318
2 0.8830595711908672 0.18423045737013763 0.01600191246907163 0.021365287761966868
2 0.8050783853406417 0.21505522952325717 0.016675111478105 0.02226496251380069
2 0.7251586840965022 0.2028263202779069 0.020072283237018183 0.026799928334304425
2 0.6895604930217931 0.24411747809253065 0.018452054500404106 0.024637573318558006
2 0.8149471908017457 0.35671013591106665 0.02041363996699872 0.027255697904900126
2 0.8850862009243246 0.3354173420528987 0.021308297275007618 0.02845128996722819
2 0.8489593238527305 0.40364863149526037 0.01882679851362897 0.02513699228192506
2 0.7653388206124679 0.3662360662115941 0.018503170933141463 0.024704895259518803
2 0.7270090851169383 0.3098846845433543 0.01961850701899727 0.026195045203266227
2 0.649027899234028 0.3013017351822281 0.02251783815032974 0.030066294376887258
2 0.7460417813121288 0.42976559235898176 0.018379391412039977 0.02453962844604464
2 0.6810134025905851 0.4105922743943012 0.020140246903346152 0.026890670342623466
2 0.9898108300570481 0.5782506589817813 0.017533546655679553 0.026787530319701547
2 0.9495858936495122 0.38011504055022405 0.01672717506191128 0.022334478499805258
2 0.7077120459017238 0.745418871841224 0.020935592898404153 0.027953647187979772
2 0.6256776006302941 0.7020096301328075 0.022434940545021424 0.029955607496998802
2 0.704628044190935 0.6532908130248202 0.015459985962004149 0.020641723263684287
2 0.7730928820024459 0.5964711097324762 0.017694972749808333 0.02362581256822228
2 0.6992530698033298 0.551532070569349 0.018982045417011296 0.025344273428686268
2 0.6208313122207801 0.6236447526969615 0.01617503220479417 0.021597245865210873
2 0.5210858857312315 0.6987022773302114 0.015164884393079196 0.020247711134661717
2 0.5825896911324224 0.7863552752069004 0.01822002807595174 0.024327768467760993
2 0.49597330045996696 0.627765866528371 0.01804792402973737 0.024097969129172288
2 0.5127150239882426 0.5195260618339973 0.015826275805107523 0.021130782800553062
2 0.4970306724493629 0.8165885119102362 0.017012501238665715 0.02271545203987924
2 0.534743607571069 0.8488212417310069 0.015523550784504495 0.020727373760238765
2 0.21872154744924527 0.017119644253895654 0.020185684558232164 0.026951338478714195
2 0.9207326416917334 0.23433659465566622 0.018228796036315283 0.024339474090749793
2 0.848685740696412 0.24824050883223459 0.01766362510318541 0.023584845644250396
2 0.548547228909879 0.27343862676169506 0.02277785631706692 0.03041233186319454
2 0.5509374104588736 0.4124837707576179 0.02051493311314332 0.02739197353893006
2 0.9639266368173198 0.5226918072978809 0.01725697027249023 0.02304100441051259
2 0.9894798948028849 0.5501694864415807 0.01924176052846991 0.02663018743177956
2 0.7252499363658155 0.8455801797073741 0.01569576878613015 0.020956533627282694
2 0.8254668342172992 0.7917835794290673 0.015572135425282336 0.020792243660293117
2 0.40189251811771354 0.736391665199371 0.015460010734915465 0.02064175633949771
2 0.3939537008144546 0.31605669104133743 0.018228795210545164 0.02433947408972298
2 0.5158529598603309 0.11569268327994968 0.020455176713449603 0.02731218412436356