0 0.7895887673226463 0.008559836974201155 0.00973624360032801 0.010854233737086185
0 0.802912779345041 0.031592678308462296 0.006639355078472623 0.00886467364929871
0 0.7636982279153491 0.05065681931563749 0.006416327002468657 0.008566893053948551
0 0.8036166303072042 0.008970227746586618 0.007209521882756268 0.00962594266911063
0 0.8156826461205439 0.0189714076371233 0.007556377374047981 0.01008943439992155
0 0.7910478638080264 0.018569474362140848 0.0071097002477169 0.009493023154039302
0 0.8345860708882712 0.10569820564359328 0.007415932287388227 0.009901909591977166
0 0.8846600365577555 0.011456643781586742 0.00571634351774015 0.007632295479905579
0 0.8704824679792923 0.051465512609649385 0.004694733278286389 0.0062682701217250895
0 0.8409207292136827 0.006355892079281636 0.005278642444256508 0.007047889746988424
0 0.7696306856880142 0.018569597974419594 0.007003949628402667 0.009351470782868194
0 0.7641004284592514 0.012528643856089984 0.006804800165154218 0.009085571113049721
0 0.8284525128678322 0.06998800710582943 0.006980815854671078 0.009320582138926874