0 0.14344013432665859 0.658293989018764 0.00917123781997229 0.012245630650332377
0 0.15681330187518833 0.6208396983356549 0.008089132122191717 0.010800372657202833
0 0.17179527154150415 0.7183047401017479 0.008968710982651026 0.011974761851928726
0 0.18044258284520567 0.6770880920401761 0.009727933113101769 0.012988452039774027
0 0.14193188236849644 0.6117116998174652 0.007529571428570072 0.010053643880796012
0 0.12202295623433221 0.6613865681690838 0.00656560693639096 0.008766536934603142
0 0.10563328475674075 0.6401722207994025 0.007975549958715512 0.010649123483736894
0 0.09517607102484937 0.5968110663949819 0.006825312964522459 0.0091133020949666
0 0.3897879574515451 0.568882955182775 0.008830111478124672 0.011789706724571617
0 0.7895752818045467 0.0008008160341896585 0.00722821800165689 0.002145315325370237
0 0.7977198424921537 0.9962076106002963 0.007866080099094619 0.010502561191641115
0 0.8308008359222189 0.9670744975556465 0.00814393971924394 0.010873552369695186
0 0.7966137910450168 0.9790245167009508 0.007264703550788594 0.00969962072748662
0 0.7903796828428435 0.9843976007016682 0.005662821635006351 0.007561120176903468
0 0.7856538266855911 0.9931214607208803 0.006980815854671078 0.00932058103715276
0 0.9174393795645129 0.9817830345078957 0.007924684558219864 0.010581207276828168
0 0.8052254323870663 0.9517111120562767 0.007644454995852769 0.010206653804301625
0 0.8115600906809947 0.9717155324917414 0.007141183319581945 0.009534700110332903
0 0.809649638188255 0.9846053862669059 0.006256536746497207 0.0083538588760739
0 0.8091468874913618 0.9644673109319484 0.006438107349260762 0.008596296581340073
0 0.8191013505992758 0.9556066183950402 0.006485044591243799 0.008658969128974677
0 0.8447416342184845 0.941375829966363 0.006513289843080681 0.008696353914218214
0 0.7842104548094183 0.976550002052534 0.006412933938907772 0.008562684674206155
0 0.9179421301963251 0.9548005622266376 0.006745108175049148 0.009005871002768734
0 0.9293042951293096 0.9546645305323791 0.00770767712634915 0.010291067254960602