0 0.9770972052515806 0.7139443732477733 0.007894947151072834 0.010541102535768013
0 0.9801137091947737 0.7282440947079178 0.006891643270003455 0.009201867695869066
0 0.9770972052378819 0.7664049320269988 0.00695269777042319 0.009283040792916418
0 0.9422565845405497 0.7549283598932667 0.0059358546655785835 0.007925678058933003
0 0.9402204443701381 0.7153548434080993 0.007488003303046922 0.009998140021821826
0 0.9488928932536042 0.672965202802975 0.007322127993401636 0.009776661521626807
0 0.9883336824766117 0.6988408634338483 0.008005110652354784 0.010688189636862527
0 0.9997229554788378 0.7091659129768725 0.0004387365813304775 0.004719748621746947
0 0.9915764242184077 0.7172672048184401 0.00783855821630663 0.01046581477411461
0 0.2662580478530759 0.9369720636601041 0.006739793559032608 0.00899911466308242
0 0.27115986683806037 0.9022338302023586 0.007082096614360019 0.009456165380315915
0 0.2836029456142401 0.9322426067891119 0.005128056151955062 0.006846832414388723
0 0.29325575825938427 0.8870327077382948 0.005490119735743777 0.00733024807073907
0 0.3339785617333241 0.8811924593315728 0.005685315441798179 0.007591154355485949
0 0.3377491916682395 0.9030434196525332 0.004863783649863363 0.006494227122174537