0 0.8805877562279872 0.6170580945436688 0.007056441783680466 0.009421555678613788
0 0.8612318558321476 0.6257226891680122 0.009958017341037758 0.013295654906730077
0 0.8944133993785296 0.6092053263857878 0.007612360858809877 0.01016418522690005
0 0.9243773386819852 0.5630203966552426 0.00628579025595925 0.008392605291886918
0 0.993053078711174 0.535905991799004 0.008723807597060285 0.011648212789528097
0 0.9879250219916101 0.5254317356536397 0.007253561519404749 0.009684743109141716
0 0.8249332582454822 0.6455874341553387 0.007569744013214113 0.0101072822482856
0 0.8798336302533282 0.5702717249110226 0.007267213047099085 0.009703336273296403
0 0.8822468334549294 0.5583217372879583 0.006400309661407143 0.008545829106405656
0 0.9645973914302886 0.6917724964858876 0.008884900082560283 0.011862859978056138
0 0.9769650576213217 0.6755248219167039 0.007177628406266198 0.009583722160309718
0 0.9484088201701897 0.6855938317430799 0.007253288191562083 0.009684744211942648
0 0.9211597344402126 0.4946868851711068 0.006587376548315711 0.008795274531442052
0 0.9293545702025126 0.48327511812477086 0.006416874483876041 0.008567944873440621
0 0.8917488208503757 0.4834096545102989 0.006535758876961192 0.008726353914186342
0 0.8732978716977349 0.4904587950039955 0.007039227910800494 0.009398572215689254
0 0.970328748935809 0.43977844477821115 0.006840364987572423 0.009133057330982491
0 0.8410966919263453 0.5047905539658409 0.007255303055320233 0.009687069459492803
0 0.7897407120989361 0.4642147627189887 0.00820577786954675 0.010956115766028979
0 0.8401163281465462 0.5743661988156928 0.007119204789451243 0.009505355015988518
0 0.8087446870123963 0.45112455972750665 0.007842909991718109 0.010471625137527894
0 0.7415520613335829 0.5189870311544906 0.0069524360033141296 0.009283040792916418
0 0.7367256550224264 0.5607746526323744 0.00789206440955236 0.010537254685677728
0 0.7530147763680798 0.6022555800883845 0.006402284062765908 0.008548465269887789
0 0.8181712618357698 0.5848364298444451 0.006365109826593862 0.008498508269593629
0 0.7619888756689897 0.6376995473449111 0.0072409075144201545 0.009668213891352155
0 0.7650053796055977 0.5931922778858914 0.005685315441798179 0.007591154354459132
0 0.7869504459127211 0.6454536701524846 0.007791986787794765 0.01040363285583757
0 0.8159088839152054 0.6611617939647332 0.008162695293112494 0.01089859316423289
0 0.8121382539628422 0.6771704526977509 0.007705381502913392 0.010288001102823538
0 0.8606662613327322 0.5830752160215326 0.006856070189932123 0.009154370451980613
0 0.7271482550236166 0.41598331576363157 0.007364224607763622 0.009832499448164821
0 0.5851463312131752 0.6124264045198506 0.007090122213009991 0.009466879823488464
0 0.5580732081877856 0.553824124277632 0.006300213047081003 0.008412178610928989
0 0.6883861791224928 0.5282503560641338 0.006932777869530502 0.00925679272297429
0 0.6115407408471777 0.6356848952593539 0.006726533443442816 0.008981071664133368
0 0.5018908220164872 0.5618786854287476 0.005976180842311239 0.007979222712986985
0 0.7875537467225663 0.34680714696961995 0.0057588571428400515 0.00768934729865361
0 0.8483363014263655 0.33533152376528513 0.007329890999220493 0.009787025358301999
0 0.7698317859649642 0.8212577195020748 0.008639269199021988 0.011534901873887308
0 0.8493166652154412 0.7925577466525014 0.006643160198150705 0.008869755236881702
0 0.8367981737880724 0.8148109518184584 0.007184410404633503 0.00959241675785943
0 0.8746552984505638 0.790846611040438 0.00695269777042319 0.009283039691142303
0 0.9914694141734408 0.18389650657074783 0.007763909991764449 0.010366536935641458
0 0.9973908601525128 0.20670654538961367 0.00417711312962776 0.011526737597287359