0 0.3932738177329117 0.3275365442049904 0.004884423616820597 0.006521539140365353
0 0.3708468055294217 0.3225910491253585 0.004567758051240563 0.0060989669243812295
0 0.3473224471294641 0.3135263547907114 0.00502305615195946 0.006706638368464752
0 0.345333507217999 0.30620174574056824 0.005625571428560117 0.0075110992285306955
0 0.32359233634868634 0.3138916610843834 0.004493176713453192 0.0059991587649583155
0 0.3203002978331128 0.305742460255775 0.004853508670519788 0.006480263506063355
0 0.3028799274747516 0.30455128609920545 0.0044511048720025205 0.005942985667028724
0 0.30747506452324813 0.28202611445053966 0.0052517530965733375 0.007012252480227011
0 0.32132905987122123 0.29054179151522974 0.004992811725804433 0.006666508268117248
0 0.3366919061765332 0.2669145250528673 0.0039873286540209356 0.0053237651596965046
0 0.3643998968022553 0.2736014797698292 0.00522301568954254 0.00697388092637095
0 0.3705724689835613 0.2751582325564527 0.0052141981833083 0.0069618467477693445
0 0.2814816772544308 0.30729867874458844 0.004584376548334624 0.006120925027848342
0 0.2814130931420707 0.2932872156260377 0.004034239471552418 0.005386399117513029
0 0.2902604465691633 0.3008864735198734 0.003396127167595035 0.004534410143347073
0 0.37523619019382953 0.24713869731207896 0.005980374071013389 0.007985122381712596
0 0.3541808606106284 0.23770752301400624 0.0063231445086714645 0.00844247960367434
0 0.3206432185182502 0.20474258173655518 0.0068003030553072516 0.009079907386221789
0 0.3152936559114632 0.2106013622251981 0.005822569777038176 0.007774418964365943
0 0.38778708696379394 0.19558433560262278 0.006172572254317849 0.00824143880898135
0 0.3998578947457938 0.2008939369385518 0.005335475639982302 0.007123771775616569
0 0.3320967691133286 0.28248257198614346 0.004465875309700889 0.005962706725457077
0 0.2748290161555287 0.14659481242097824 0.006886899256813444 0.009195533627284796
0 0.2815502614490315 0.12461595449703432 0.005936392237840668 0.007926098125459998
0 0.2759263623367113 0.09879286166551587 0.005980599504525594 0.00798512238068578
0 0.26097502085341034 0.037441393905735136 0.006809978530158517 0.009092828004221537
0 0.31292750329038005 0.05772173090487751 0.005309647398827402 0.007089553472751294
0 0.3234551680600386 0.007681311295052545 0.007134068538404041 0.009525200662171301