2 0.32256274506208216 0.6780487307036231 0.011406483071853124 0.015230176405613582
2 0.34476766719424773 0.7398429514476752 0.011825879438492623 0.01578957001065636
2 0.2841723073206797 0.7628813849406804 0.012317504541681961 0.01644659316415725
2 0.22852623732547137 0.709659095859728 0.012201208092491846 0.016290697904741094
2 0.3992098558871102 0.7093049298361962 0.01062020561517494 0.014180324146115399
2 0.34744295900754674 0.5837431312071482 0.014421240297254962 0.01925554575527943
2 0.33861449597893484 0.8642354556980575 0.012659194880291285 0.016902825799221307
2 0.2919975359067894 0.38514311838578824 0.013541461601964884 0.018080846747422493
2 0.5535741943426598 0.0006569109255367892 0.009327563170911199 0.002372553473484293
2 0.6188513148541125 0.9648684411563283 0.01654792898429733 0.022094313119966312
2 0.2747419036312577 0.5784769500785455 0.01307426919900327 0.017457040793815878
2 0.2821658384506237 0.4737333911116817 0.010620205615223005 0.014180323043314466
2 0.6492258326246994 0.8170059161505107 0.0189861205615477 0.02535067034254822