2 0.9006521287270857 0.986514931172954 0.016286646573072567 0.019921190738924413
2 0.886114470541243 0.9226586782356032 0.015450869529341939 0.020629551267824335
2 0.9744392693775566 0.8028260106980686 0.01720061601982871 0.022965761852402407
2 0.9726855601402289 0.5011432849686046 0.021192265070188857 0.028295296582145885
2 0.9211634566979929 0.742801980273603 0.01982041123040708 0.02646363726606574
2 0.9435789172660096 0.6918763948210167 0.01845979603629599 0.024646982358606344
2 0.8909416167773222 0.6521258912138567 0.021402843930611648 0.028577530319168917
2 0.8640653680083107 0.7788287886400946 0.016409080924839628 0.021909753032143677
2 0.8340665675487452 0.6561401007284205 0.018023460776207492 0.024064401323807477
2 0.9384490108757889 0.8906530074851203 0.01745493724196419 0.023306202866309533
2 0.9938805948309489 0.8545050361104384 0.009775260941371164 0.024933168688191402
2 0.9871831216594542 0.715993239153115 0.015967191577226487 0.021318929438307765
2 0.7958153089086204 0.857597742005854 0.017487679603648033 0.023349919515562294
2 0.7893853819964439 0.9862257141769836 0.02000452683730786 0.019129811466775237
2 0.8477942793429918 0.9856955719477155 0.017197191577195556 0.022019905181932278
2 0.7282343680542489 0.835410899250607 0.016910692815859992 0.022579514883590047
2 0.7819868655461767 0.7777888307095296 0.01767441618496023 0.023599254685149108
2 0.7305762818497302 0.7505364640520387 0.015468129644964065 0.02065337265717418
2 0.6834034469028825 0.7859779558203038 0.01743848720067669 0.02328335942624521
2 0.6082391661059163 0.8104086625774811 0.02376405615196121 0.03173027122382982
2 0.6415835577269945 0.871303738331034 0.021389700247695428 0.02855890518200174
2 0.7229929419279961 0.9217791294015723 0.020972032204793704 0.028002300991778403
2 0.6660063730313521 0.7378847678761843 0.017981335260131657 0.02400905953755124
2 0.7142944050063864 0.6985795369675709 0.01994052105697647 0.02662400440995755
2 0.5977563139411308 0.7243378094819507 0.01936850371593871 0.025860262403209194
2 0.4836716563036626 0.9671850652755325 0.016578596201484976 0.02213525909585457
2 0.6579769542834911 0.39393788556821946 0.02176663501241608 0.029062177508436923
2 0.7295726045000891 0.32038687246871134 0.024350247729141312 0.032512966924384976
2 0.8031756094182283 0.38187113051665195 0.018506895128020773 0.024709867696506776
2 0.6597612695308005 0.28210851202832893 0.017939080924878528 0.023951738699038473
2 0.7635861143462024 0.4527428947448681 0.01655006523534977 0.022097165380063434
2 0.7846633384807319 0.6251774358890679 0.022398531791934025 0.029905868798921494
2 0.9572958408960262 0.40316827503847247 0.021191467382309884 0.02829529548037177
2 0.6287587916970805 0.1717828526033259 0.022079775392225522 0.029480273428741665
2 0.7219892646128663 0.042239122220049094 0.020793381502917596 0.027763762954897693
2 0.6516203311244856 0.01068138607593855 0.02127426589592487 0.02123497794931621
2 0.9535041709424652 0.12904509824886506 0.019989601981798825 0.02669053913998729
2 0.9925760469561086 0.2940428315968866 0.012104992568117976 0.024603767364666834
2 0.9211634566840058 0.052961125709075386 0.021531446738209743 0.028749243660225167
2 0.8801242054601005 0.3017671016551135 0.020251658133761365 0.02704044211606568
2 0.8517982005696835 0.5638304627772581 0.021949016515284386 0.029306790517291924
2 0.8387503951246151 0.14617098881960605 0.02130580924857603 0.0284468974638833
2 0.7208740676072227 0.21824146074457496 0.023418075970266766 0.03126713340689224
2 0.7913545207702555 0.2795867336484734 0.023195224607770557 0.030970755237531504
2 0.5203616390681328 0.7350573007452744 0.018847109826578137 0.02516506063878175
2 0.5252778465588213 0.9074707806814778 0.01924604293972009 0.025696756339774703
2 0.46415748978787336 0.8657504530826865 0.016289920726649518 0.021749828004636602
2 0.3344047771034067 0.7782165794279077 0.015721745664752946 0.0209912183019923
2 0.4204513129139316 0.9708394565821811 0.01846697605288073 0.024656568908532045
2 0.4129393137351673 0.6683563428459629 0.022044320396368004 0.029432933848421064
2 0.6867858284335886 0.48509109140884094 0.025611364161830262 0.0341955479604111