2 0.9006368767605764 0.0010156870050542673 0.009029158546647379 0.0018242657114777307
2 0.9788191438510108 0.8831707292976723 0.017677230388089524 0.023603012128152946
2 0.972574040389056 0.7756638633479521 0.018991121387274122 0.02535639250242329
2 0.9966638767479921 0.7170959403758915 0.005277900908361124 0.01894009481836213
2 0.9407909246869397 0.9110159557949353 0.016956224607770555 0.022640310914811185
2 0.822691557690081 0.9250105921448082 0.017816646573111463 0.02378826901879338
2 0.861277375413331 0.8749769296447819 0.020078985136260705 0.02680988533601017
2 0.9088962891399702 0.8621779240846486 0.016702029727502017 0.02230090407968849
2 0.7893471660785678 0.9972996329416366 0.018037914120583334 0.00758065600892839
2 0.8477834911808286 0.0016013437711614232 0.006818121387300248 0.0009412855565005784
2 0.5661962375516925 0.9412425747182315 0.016764456647381718 0.022384256890501577
2 0.5869389025599335 0.5518682700537696 0.020129228736615018 0.026875961411748462
2 0.5119976612457503 0.16101242757536874 0.01966976713458181 0.02626348952654967
2 0.8221339591738247 0.4966269350059273 0.020252420313765535 0.027040442117092497