2 0.7451702184912854 0.2883483901231775 0.018773936416173597 0.025066413451499556
2 0.7815614385422878 0.19057926036676243 0.01666735672993927 0.022253769570027192
2 0.8539033070429956 0.2883475601145343 0.018425949628422197 0.024602717750776628
2 0.7621762849750328 0.39340724752109 0.01858703881088978 0.024817808158490336
2 0.8472947319721035 0.4335219298439078 0.016764895953768656 0.02238399999949346
2 0.7527480512203935 0.4682266443101186 0.016031966969445057 0.021405415655685694
2 0.7131847151023322 0.3324574630670537 0.014085641618480431 0.0188074476294047
2 0.5611874883720773 0.31233845240833874 0.013403304706857879 0.01789637596491219
2 0.7447296468189473 0.1905692938372263 0.0113399942196628 0.01514140022107397
2 0.7106293993919371 0.16421843602197797 0.012550175887694802 0.01675726130066692
2 0.6932708755189658 0.2337521996468207 0.014712165152735955 0.01964399448668845
2 0.836897240533437 0.1812823640178507 0.015275512799333387 0.020396187431214925
2 0.6289474114987724 0.18446032904692267 0.01607875144506153 0.021468689084020182
2 0.867296685859829 0.22916582580183478 0.015651645747276406 0.02089762183002791
2 0.8954932728520242 0.1962203466422782 0.0134211750619358 0.017919563395695098
2 0.8416554145744238 0.5076402126839169 0.016985098265861656 0.022678862183119652
2 0.5502613109035047 0.13093403015232336 0.01783047481421743 0.0238067309814685
2 0.5588084013257245 0.037415046406069886 0.02387337076795325 0.03187622932784974
2 0.606390141831341 0.07645983772933516 0.016128889347657695 0.02153563395742216
2 0.7634980000135324 0.0621059401794578 0.01565105697774758 0.02089762183002791
2 0.8163666006168147 0.09281231684337114 0.015829604459127827 0.0211360231524512
2 0.6638406878793408 0.021049280985655897 0.01694849215520578 0.022629986768701375
2 0.8852720100808605 0.08704734109793898 0.015613900082555778 0.020847224917924064
2 0.02395439187858237 0.026461359206895123 0.01700949050373806 0.022710575523982368
2 0.12510964768085264 0.08175765709333377 0.018126044591243166 0.024202277838707365
2 0.0015207854972254028 0.07815401992619925 0.002394396366634576 0.014894914002154667
2 0.06854024503799579 0.10410673084515819 0.01595758381504435 0.021306904080059984
2 0.018315074463118433 0.2570463302807088 0.0145706052848747 0.01945424807086472
2 0.08827785593078762 0.3925808916544047 0.0170526118909834 0.022769008820636205
2 0.18511550936878302 0.27963364011861686 0.014081232039641256 0.018801558985607956
2 0.11321421253974039 0.25399262448331256 0.017442420313810016 0.02328948952594429
2 0.22406204512590253 0.18293201095037484 0.016677905037173577 0.022268691290141203
2 0.25093691715357125 0.7738739999325365 0.015299450041286718 0.02042738037530945
2 0.1868777960682773 0.7163483051659155 0.017573674649073612 0.023464743109561644
2 0.13295182345959325 0.6898665799366057 0.011595891824939605 0.015483080485451642
2 0.6263920957796775 0.2991661211093754 0.01569266886870253 0.020953183021301933
2 0.42901598684243436 0.8417521635863146 0.012835691164364588 0.017137841234248555
2 0.4430261659922354 0.9530590842945179 0.01954079108177373 0.026091277838582963
2 0.3311209614249927 0.9817610077258064 0.01720916019817222 0.022977169791016782
2 0.246883657760822 0.918584246922576 0.017331685383979487 0.023141633958454103
2 0.09214280426638158 0.7764998791244418 0.01865854335262061 0.024912345093749916
2 0.1483120707107491 0.8027137961688369 0.018576433525997898 0.024803648291046854
2 0.08702098668039977 0.9230663981340013 0.015755082576356452 0.02103572767412715
2 0.3908301343859026 0.802137461312263 0.015064117258463076 0.020113929437705475
2 0.498473667754366 0.858444363115994 0.01673214203139927 0.022340269018962668