2 0.6380101339103275 0.2745677698598692 0.023519233691169244 0.031403379272484724
2 0.6398899063799537 0.32616377736892566 0.020516530966163557 0.027393074972142262
2 0.5960285488509748 0.3277005765796562 0.018986354252713035 0.025350981256426562
2 0.7499610275277386 0.2550551752758016 0.019056298100742535 0.025444372656704836
2 0.6953431941181153 0.07128103866930866 0.018905771263457088 0.025243386990763454
2 0.8634783980451235 0.47731916499842686 0.015952531791906987 0.021300158765302536
2 0.8287026074123365 0.41346015834763994 0.01483519818332134 0.019807524807636177
2 0.7901672718540437 0.44022964001884796 0.015952532617629044 0.021300158765302536
2 0.6978495574268281 0.49530011349970676 0.019256680429406297 0.025711927232317126
2 0.6929412626755185 0.35796326054968636 0.01594082246077709 0.021283723264029032
2 0.7508095358567128 0.776939204928918 0.01967777621797359 0.02627418412341271
2 0.703492138323391 0.8219998422496703 0.018720927332790568 0.02499563616311307
2 0.364163836789547 0.8258842953399662 0.01769342939718338 0.02362464057423314
2 0.4321881028750783 0.7936526873634662 0.015509123864580211 0.020707330759922753
2 0.3690101251706541 0.7737583903474641 0.021909837324547557 0.02925337816957208
2 0.2072322073123017 0.747881813174013 0.018710971098261694 0.024982342888758228
2 0.09215488662911712 0.7152836480493172 0.024117322873672537 0.03220196030910775
2 0.041577258695153066 0.9014027848544036 0.023723546655655976 0.0316749900772494
2 0.07937830812381395 0.8374096699492326 0.01992244426095489 0.02660086990129757
2 0.03928628602352772 0.7609331088167304 0.022945434351768546 0.030637230430426775
2 0.06616115798842251 0.5129337424418531 0.021752643270028137 0.029043496140744023
2 0.022015876503846617 0.4977667345855356 0.016682559042141568 0.022274906284975703
2 0.06034561194136084 0.37893000843009556 0.02350897027251121 0.03138967475195671
2 0.0016066241634680493 0.4216948163715143 0.0025286952931603875 0.01778094156603139
2 0.401348085856545 0.4824693340052416 0.018321849710983242 0.024462800441143465
2 0.4669932649565267 0.4827060464753173 0.017652135425273014 0.02356950496143714
2 0.5040012853549164 0.4212909324141887 0.019292892650695337 0.025760278941564418
2 0.17022418688584165 0.46447369970931635 0.015908481420295023 0.02124054134487613
2 0.15321812036119034 0.3950587772613324 0.01750905780346824 0.023378465270218998
2 0.06025749765363238 0.27353241575970144 0.01549351527665155 0.02068726901917861
2 0.06580870068240041 0.29212296239994756 0.014291378199838065 0.019082151047367903
2 0.16308692578581246 0.2528239840974306 0.01681882080924447 0.022456846747222915
2 0.25886720723907436 0.5376512302617649 0.015549121387256733 0.020760734288315593
2 0.536163017409594 0.05446817591897281 0.01769760528490529 0.02362932855532378
2 0.48206081610163565 0.01706357340738095 0.013715301403800036 0.018312270120566642
2 0.451573256444304 0.5949421418387167 0.01745019735752864 0.0232989966926856
2 0.3187849545829432 0.3501216929761206 0.015152021469840585 0.020231298788100514
2 0.3448667975323229 0.4341174291103848 0.017620222956214397 0.023526008820003094
2 0.8829810373642456 0.3597605573454956 0.019635910817514642 0.026218284454397948
2 0.9916264923970222 0.5932832011232171 0.014161125516086743 0.023219255789038298
2 0.22732227551818132 0.9156478013064971 0.018609580511964003 0.02484790628515143
2 0.23904148204668182 0.8555359261699818 0.015210892650743671 0.020309140021648863
2 0.14969354698724405 0.9521198390583614 0.01783047481421743 0.0238067309814685
2 0.05338457953762594 0.17588369828333633 0.016020339388932117 0.02138989195104405
2 0.10872038149830142 0.2979923881859392 0.02122074153592878 0.028333317530531407
2 0.00950364097920158 0.11964593813965116 0.01728413872835884 0.02307814773985379
2 0.6032148378414854 0.753123040392157 0.019811718414547607 0.02645202976874309
2 0.8145751776990829 0.8671007003283997 0.018389473162665673 0.02455308820329434
2 0.9893145217727212 0.8633480458895141 0.013781402147014362 0.018400527012165813
2 0.46893785290941475 0.9823245846131424 0.021139071841463124 0.028225335170326975
2 0.00044039381750837016 0.4497653681029131 0.0007033922378255268 0.009821466372534221
2 0.01855935799950983 0.5616526412813542 0.01567439884396307 0.020928000000355787
2 0.08608198677395178 0.48254323869228954 0.02147773245252818 0.028676443218839866
2 0.013437540367481004 0.33859756453601436 0.01888832947975455 0.02521914884226259
2 0.16367752352507567 0.08147063320389689 0.018592117258478695 0.024824588754663066
2 0.16032446727536742 0.009134701959369858 0.019922383154398652 0.011005226019544007
2 0.06414353470586226 0.06962147191713144 0.016196609413723095 0.021625241454661943
2 0.04575936202806575 0.010047262789149664 0.01935597440132888 0.012448252480612635