2 0.998900213259027 0.10155463984386036 0.0017291502890094013 0.014411523705091668
2 0.9542296354381178 0.08023154223799837 0.01724068620974701 0.023020130099550038
2 0.9604955436702696 0.4665433698741446 0.024799224607758748 0.033111202866331874
2 0.5754902941549911 0.5254850174590961 0.02078959537571193 0.027757662624662872
2 0.9592423619758023 0.2432728735678711 0.019333419488028882 0.02581439140050486
2 0.7530243603553405 0.060711389857261155 0.016794735755593364 0.02242384123479354
2 0.6472376000160074 0.011407255388122739 0.017160179190717186 0.014963189635914571
2 0.6874411876817502 0.6887253867452009 0.015773159372378033 0.021059863285758134
2 0.6668333117429068 0.717539436194138 0.01715049132945833 0.022899699007194848
2 0.4717547024779397 0.9465763525875098 0.02093272336915752 0.027948762955556827
2 0.6357822554214537 0.8313143439498517 0.01894106193231057 0.025289555677842215
2 0.5227174226950791 0.6670641091240461 0.017115491329475815 0.022852106946043036
2 0.5358062087490245 0.7556450377447406 0.02054002477292742 0.02742444321948546
2 0.8227499946291923 0.9777266499725024 0.015541754748115068 0.020750898565961483
2 0.9919219204738662 0.8522105026300154 0.01327872006604248 0.025062515986662322
2 0.5786120980050055 0.29715163435565173 0.01965848389761307 0.026247435500958264
2 0.08616735042400833 0.07530136101867885 0.017346445086666305 0.023161341785324908
2 0.1602629784410139 0.9921510139205046 0.020281362510343952 0.01607385887574433
2 0.23316351572464242 0.8986559245723085 0.01791836911640157 0.023924984564633
2 0.045704991312097286 0.9937842235086196 0.019369832369966877 0.013413783903166963
2 0.11075207492137447 0.9627138505532696 0.015765585466570656 0.021050542447194374
2 0.7092364622812762 0.3846308436910103 0.016574617671331546 0.022129948180099043
2 0.8441109925952723 0.4473194591629154 0.015388566473970754 0.020547141124881485
2 0.8109045417605504 0.7507151399288314 0.018466976052832665 0.024656568908532045
2 0.44281658311675376 0.06845814578929277 0.019909298100728313 0.026583316427878336
2 0.48549839650330956 0.11542030686333923 0.017490346820801604 0.023353480705180202