2 0.9868123581722182 0.34829713575554294 0.015752886870336078 0.021033587651953612
2 0.9965171929457303 0.23666534989932603 0.005447374896788901 0.02076313230429818
2 0.9400269101051042 0.25515117824833344 0.017841925681270673 0.02382291731031359
2 0.7311633028007135 0.5388439881729318 0.023019233691165014 0.030735768467113952
2 0.7509357243040723 0.4964602680162187 0.020676601156090563 0.027607835722469047
2 0.6575040706291754 0.5799369124753161 0.0194959265070246 0.026030392502049495
2 0.7425811800025796 0.9244310595608566 0.02032939058629116 0.02714321168720755
2 0.6472001326690785 0.9971280768770384 0.016335772089192967 0.007948582138673145
2 0.9902345515858931 0.030096279722130154 0.016133418662250917 0.02987471885276833
2 0.6000703198116286 0.1559679881467298 0.02099027002473884 0.028026652701051192
2 0.5136616911139634 0.06142891791896626 0.01872540214698851 0.025001610804846162
2 0.7256180866369377 0.38909768797416144 0.02597092981009016 0.034676934950784784
2 0.7511436114997394 0.31337124990276755 0.020973170107318216 0.02800276626184862
2 0.6233269091178648 0.2560516454447821 0.028077918249409275 0.037488819184161665
2 0.6526339932573263 0.3509810335108602 0.024064789430225234 0.0321318169792882
2 0.6541466169181075 0.46509200137194817 0.022466835673003664 0.029998195149176964
2 0.7950096987054239 0.6132894611949268 0.017848928158529467 0.023832266813487043
2 0.6603861896624569 0.8422585839011358 0.020070783649873095 0.026797927232190162
2 0.4575055363736751 0.44490363561602714 0.018155422791079977 0.024240592061290405
2 0.32089670871470577 0.9705062393630961 0.0189042477291708 0.02524135281180895
2 0.3658972637136936 0.9686116053791596 0.019475947976886034 0.026003718853629346
2 0.47030367092512054 0.7579923744653295 0.018605355078467528 0.02484132745328884
2 0.5307411186951851 0.6209988430791351 0.01619660941367503 0.02162524145568876
2 0.5527649344309232 0.8772135927108791 0.016800810900073834 0.02243195369309831
2 0.4788400336093916 0.6793484583449814 0.01922482906690392 0.02566843219471083
2 0.5814471130069379 0.6011643892568932 0.017807417836530146 0.02377684123489632
2 0.6048367467544404 0.4297473408392699 0.01704816432700713 0.02276307056209251
2 0.4971078497334691 0.502920177136779 0.016576630883549458 0.02213346968017839
2 0.2150664268563133 0.8119037991765448 0.018035909165970483 0.02408192833513843
2 0.9401450727401132 0.619857546244979 0.017126625928976656 0.022867833517795755
2 0.8928536235467891 0.6633891540373108 0.02085311312960387 0.02784351929467759
2 0.9942885826254905 0.661002968335288 0.00909509991743032 0.027858746416718917
2 0.7849539992269063 0.8963631184960591 0.015870289843122633 0.021189549061969792
2 0.011132722456718801 0.9606480917142747 0.014295767134616518 0.019088011025528134
2 0.9640214101896962 0.4192167103245378 0.017149329479792617 0.022897284454332364
2 0.8282055767107114 0.24600549740870836 0.017560658133746385 0.023447362733789223
2 0.9064383219576573 0.01037889084231433 0.021250969446729485 0.012998184123484144
2 0.9391377535584716 0.9324692113123744 0.020119639141231306 0.026863155457321576