2 0.9740665288455842 0.16169028165683463 0.019740318744852877 0.026356699007800487
2 0.5100692097986563 0.043426715293457645 0.0143811164327115 0.019201248070962375
2 0.6215306684815284 0.04127570762388334 0.017271805119729186 0.023061680264540977
2 0.9232713826786855 0.005955083179672669 0.015770853014026854 0.005830231532372345
2 0.7971384109093148 0.01139635144288281 0.019521784475663467 0.014772055126406261
2 0.7834851325959279 0.011581864625897336 0.013369327828266544 0.016976384784874343
2 0.6358060546468907 0.08317779189503476 0.019798186622607322 0.02643396361713537
2 0.6092406009686022 0.2804719768115448 0.01794747316267366 0.023962943770541773
2 0.6868571044146475 0.21848834835120212 0.021631047894309554 0.028881145534418777
2 0.5338930330353344 0.3803126492867166 0.020141147811769053 0.026892887541352717
2 0.780734312587022 0.3025667323559408 0.01510376796038117 0.020166111355308595
2 0.7155969546148712 0.31922557174568006 0.016792216350137574 0.02242132194048613
2 0.6741888809037928 0.38902705348822747 0.017514329479775038 0.023385503859173963
2 0.5790826659863023 0.4281532499639373 0.019456664739900695 0.0259779713341459
2 0.5433469311461375 0.5176533496473498 0.01616810074318885 0.021587177508335064
2 0.8466279823731971 0.38309645694870476 0.016330907514430722 0.021804553473033544
2 0.7643790688294272 0.7026907285714425 0.02141764574733422 0.028597294377592262
2 0.475089786810632 0.938482156897204 0.02031158546652394 0.02711943660420186
2 0.35143279963446755 0.12950398840827512 0.019059396366629917 0.025447551267839714
2 0.9063772559570188 0.9924735839374963 0.021332454170082317 0.015485359426657644
2 0.9353783521963215 0.6905217605746683 0.016751019818332234 0.022365474090793366
2 0.8279668846160703 0.8814169808168708 0.018459021469836166 0.024646876515387307
2 0.7612524285851855 0.5552372613381656 0.016055767134616025 0.02143800110261489
2 0.6730556790501131 0.8717007678876967 0.016206476465752004 0.021638415656293833
2 0.7756933036867762 0.7974392432779024 0.019252856317111603 0.025705853363143766
2 0.6747265241052982 0.7493276872560217 0.013181708505377943 0.017600496141435096