2 0.9907053895111536 0.2972639948868962 0.018467797687852835 0.024657665931567336
2 0.9504317835677595 0.2260726953660525 0.018463925681275743 0.024652495038672017
2 0.9069438522706492 0.3434628847475105 0.01862201981835181 0.024863578831980288
2 0.9942610325954292 0.10745076309528115 0.009185630057791893 0.023944318632347777
2 0.46705397340264493 0.27858023590366165 0.01728835507848013 0.02308377728806737
2 0.4150575338641253 0.1919875547768345 0.01619130057800126 0.02161815435478778
2 0.5022224743887443 0.02625246580111021 0.0157854624277536 0.02107628996667782
2 0.47811503422899904 0.0733326600716668 0.014709244426126453 0.01963935611931794
2 0.9232045570240874 0.009223889529729691 0.018606654830733784 0.01901283241446975
2 0.7970895562946283 0.0049670230876551705 0.019346426919932862 0.011292864387811807
2 0.7834759430223838 0.9983647241613437 0.005771052023099041 0.0008746240351681804
2 0.3007599057947996 0.7579807910489077 0.014766905037167119 0.019717083793121176
2 0.44011036383957486 0.7218884731403654 0.019137080924829252 0.025551273428979757
2 0.5422124634036878 0.6650926172969475 0.02234558216347086 0.029836294376789342
2 0.5879693302208816 0.24714240855450076 0.013068283236974699 0.0174483914008362
2 0.12245938747337405 0.3979942383944923 0.01962407018989709 0.026201486218897285
2 0.1555094984746969 0.3026075787655393 0.01851929397196113 0.02472735281167049
1 0.292496482022918 0.5549980287831339 0.019699920726648563 0.02630375193015086
2 0.27364637854086654 0.4237581109237891 0.022745521882745805 0.03036915766262134