0 0.4641555841561502 0.8682402906540982 0.009279120561488366 0.012389212789254258
0 0.45472900927529003 0.8959273080204951 0.007993735755575724 0.010673002205386577
0 0.4710935432706905 0.9202948098030874 0.008491554087555477 0.01133810253577695
0 0.49809125367339396 0.8740751316807877 0.006555012386462564 0.008752392503292256
0 0.5318006853836713 0.8087309612610194 0.008033478117256073 0.010726065049409999
0 0.14971664413677307 0.005839390156517481 0.008174918249411344 0.010915324145305775
0 0.07581229719028036 0.0012214199199352533 0.0064872369942317615 0.0055133803750674806
0 0.1598219324056556 0.0027163455626273234 0.007253462427759483 0.009684976847491164
0 0.13342752277708445 0.013692668925605247 0.007892064409600425 0.010537255787451842
0 0.17814719391162687 0.9989737325482473 0.005729427745688436 0.0018062094819979472
0 0.00397751544479936 0.2908904166048128 0.0071203162675242005 0.010093007717269259
0 0.21125332486199933 0.4230911347423624 0.0069475268373018996 0.00927648511576613
0 0.10876760292195728 0.47977995556238073 0.007492840627587495 0.010004222712375823
0 0.17249124901254625 0.2888204554473733 0.005672010734910337 0.007573103637957192
0 0.26977350161168423 0.4568262336038406 0.009279120561488366 0.012389212790281073
0 0.2896070151289784 0.47887287874497647 0.007017829892641621 0.009370002204546132
0 0.4294219735252223 0.8836420721445303 0.007377834847240388 0.009851039691223397
0 0.2009217988390227 0.4035528366296843 0.0043739306358435955 0.0058399459764016375
0 0.1629138489310152 0.44302526526173625 0.005733126341886311 0.007654991179556804
0 0.23108683839275193 0.426614997684627 0.006778749793567591 0.009050789415474894