0 0.15875969610533053 0.5810953664686839 0.008136181668045797 0.01086360198479503
0 0.16348555229872835 0.5950587326126807 0.007443426919906476 0.009938246967905543
0 0.17032296127633173 0.6233840521461974 0.008400601156065156 0.011216237045446659
0 0.17947302325851724 0.5852553496782102 0.009074057803453122 0.012115417861573751
0 0.119545144672947 0.5970694043693084 0.00917123781997229 0.012245630650332377
0 0.18761758393405964 0.604857599452064 0.008254914946304627 0.011021721058719213
0 0.028949475803685128 0.5228296778808618 0.008402691164327375 0.011219452039770938
0 0.011453752882561771 0.5631075386972451 0.007109700247764966 0.00949302205123837
0 0.008437248937157695 0.47148133837130196 0.0068253121387523395 0.009113300992165669
0 0.036038260129278465 0.33118733805383516 0.007365768786158695 0.009834560088180786
0 0.04833051373973115 0.3269589691296581 0.007064675474814336 0.009432549062652191
0 0.07050181786098281 0.34417390453504954 0.008644208918240238 0.011541930540714335
0 0.14757349393946717 0.28819328297007635 0.007353405450045075 0.009818051818474848
0 0.002800310305323572 0.7932304328301348 0.0044608398018217196 0.011533143330476316
0 0.07276419577861519 0.8044262654892484 0.006316439306348467 0.008433843440198582