2 0.5143796036101249 0.6925617804403736 0.015323165978530374 0.020459046307027075
2 0.07592648444584787 0.5398190772466879 0.014406204789415122 0.019235470782977743
2 0.07353413110673135 0.5790175165212995 0.012644189099887345 0.016882153252568897
2 0.0985450977222105 0.6202512661707736 0.012455271676320791 0.01663054244709843
2 0.1279057976879175 0.6690322978313203 0.010698929810071707 0.014284899669813347
2 0.29015085067346996 0.5462122733767382 0.01701343435178681 0.022716697905101745
2 0.2140305175353303 0.43993209854544624 0.016789563996701954 0.022417780595124098
2 0.1716206175934898 0.5160066676906248 0.013734416184978811 0.01833779272410809
2 0.16226869091285048 0.42134881482173125 0.017322645747313518 0.023128692392370732
2 0.027426957862811588 0.40450195766689695 0.01477629397194994 0.019728878720395488
2 0.2218199029902183 0.6975336595897408 0.009561115606912142 0.012766202866554655
2 0.11183696471046638 0.7566902401745155 0.012020218001652054 0.0160496493939068
2 0.4059096548947968 0.674044231053487 0.012717811725872186 0.016980452039982413
2 0.3309353702100037 0.7237603264689331 0.010162559042117172 0.013568753032619596
2 0.47301473780296754 0.606281574847343 0.009114976878613264 0.012170052921857435