2 0.056102298999416336 0.43532446183596946 0.01806413542523882 0.024119616317734238
2 0.10795896155996176 0.17742766368037546 0.014883598678756481 0.019872147739837163
2 0.12111828667511602 0.09941111966072198 0.018093706853841575 0.024158190738701374
2 0.01651280393003402 0.15420284820977256 0.016733272502040774 0.022342618521972422
2 0.10885111920063174 0.36861520752006816 0.01633678034681813 0.02181239360522442
2 0.17375558715010475 0.40449388730088137 0.01325162014861312 0.017693177508364834
2 0.39623739741536695 0.33243672250304884 0.018436180842285908 0.02461637927233647
2 0.19617104774402896 0.3254449731457769 0.021943350123888702 0.029299226019617743
2 0.2739002816579985 0.3095098379239555 0.020277431874472916 0.02707485556848914
2 0.35965893440062763 0.39631311000399744 0.01800345251858496 0.02403859095904635
2 0.2712238088094331 0.18100722997768678 0.018137644095812377 0.024216854465301862
2 0.18635731374655146 0.19813209889783157 0.019010757225456792 0.02538260970215386
2 0.1918217792852188 0.11043347173515201 0.020208157720915207 0.02698134509343428
2 0.30791379155270626 0.07856462977194076 0.01776424855490628 0.023719200661124575
2 0.3727067398111367 0.10864650569507049 0.020104500412895604 0.026842943770562473
2 0.37326433833873646 0.8663837687053862 0.01796125185795699 0.023981340683364157
2 0.397910193028736 0.9314546438155833 0.019424195706011445 0.025935597574007683
2 0.480769333359074 0.66254324054442 0.018310978530131704 0.024448285557025717
2 0.45311244671075535 0.7524764052640478 0.01769196036334044 0.023621790518711064
2 0.509318377706078 0.5860090994963046 0.018064134599516765 0.024119615214933304
2 0.7234362101694338 0.7658765324224054 0.01741927910819542 0.023258589856047285
2 0.533518153564375 0.4460447234406558 0.017855022295626553 0.023840403527251416
2 0.005574500988094131 0.8545086820350083 0.008898878612722448 0.024904883130891977
2 0.047961360613096804 0.9119458107889734 0.017677230388089524 0.023603012128152946
2 0.00402063862446574 0.2940666219496806 0.0063217431874495866 0.023359758544265568
2 0.036697870460183156 0.5531094321701778 0.021621022295619383 0.028867758544574695
2 0.6655651731467532 0.5794452613521502 0.01642472749795345 0.021930643881012943
2 0.7898546137061515 0.6786104007300643 0.020156628406290535 0.026913556780629146
2 0.7145638949276986 0.348306183908607 0.017666099917439285 0.02358814994491382
2 0.8200733376186053 0.3473957385878102 0.01830208918252194 0.02443641675851804
2 0.7676600707961365 0.23091879044582425 0.021293734104071094 0.02843077397928907
2 0.572518819937687 0.20515046373436838 0.015902398018161425 0.021232418963416606
2 0.6338099039847152 0.22247574010159504 0.01648203385630461 0.02200633186391065
2 0.8917787841144464 0.33805166039504975 0.019315583815055642 0.02578960529240023
2 0.8825595124401548 0.20903185960788448 0.019279333608581445 0.025741203968405988
2 0.8339022451380216 0.2972519248816397 0.02122987448389724 0.028346577729072828
2 0.6317611769635598 0.10713752752422563 0.019029055326188045 0.025407997794786124
2 0.5747382742853917 0.0886651361053101 0.014441811725821017 0.019283012128635306
2 0.054190878127595835 0.7928156114235734 0.021252628406305957 0.028375891951152022
2 0.10779923574304329 0.8498064736797666 0.02306271758875298 0.03079267034190065
2 0.9428604222972251 0.8775303480569623 0.01440388769610046 0.01923237596520417
2 0.48893986688297153 0.8653617992149019 0.016290573080093004 0.02175069900790215
2 0.5614484283302331 0.8693290575630265 0.01867573410403337 0.02493623594210258
2 0.7868186059827696 0.8786683889627539 0.017431570602837385 0.023274125689445545