2 0.5653012693175853 0.17772578577641418 0.016114500412870502 0.0215156119072434
2 0.6428074639054664 0.16418025743774864 0.01837335755572901 0.02453157221621196
2 0.597976542690557 0.08034965189742674 0.017871729975220577 0.023862711135441767
2 0.020415993576944735 0.05146217170297738 0.01707380842281933 0.02279645204030659
2 0.05699445664325866 0.18398198377456035 0.01755581337737087 0.023440894156349402
2 0.05353734581310204 0.15032686699949854 0.01527233195705893 0.0203919415654822
2 0.10561704775933746 0.13216344783310557 0.016335257638301962 0.02181036052907085
2 0.005879120957512027 0.2830123367237775 0.00953142526837352 0.019773726571297896
2 0.7237831665871378 0.03398220187880698 0.01877999752270624 0.025074506064521634
2 0.9235340532787436 0.15616255009171062 0.018302088356703754 0.02443641675851804
2 0.3613292072758518 0.03762954609445989 0.018857441783627353 0.02517790738657495