2 0.41028332205219725 0.9747311077701891 0.01826741701072931 0.02439104189609548
2 0.3505483303464408 0.9051511241790511 0.017035511147840722 0.022746175302699817
2 0.25635084344080283 0.9065456407415745 0.01703615276632072 0.022746175302699817
2 0.42062207061526674 0.8905171645536214 0.020647161849697514 0.027568528114467892
2 0.4945075716923316 0.8813022121359916 0.01396564161851979 0.018647220507346282
2 0.5611872783549915 0.9554897010061467 0.018554102394669866 0.024773831311880292
2 0.5986782958863044 0.8407264193735582 0.013667406275832655 0.018248323043099837
2 0.5881306837143878 0.8870164606496364 0.012574781172579689 0.01679011356175899
2 0.26214680856440414 0.7386709341939535 0.01930520066059549 0.025775742006530242
2 0.2651231149176438 0.638483895047423 0.017513086705214422 0.023383843439375485
2 0.9630278048925924 0.9592196597844 0.01860364657306842 0.024839983462400184
2 0.38399914246828093 0.14093201087999271 0.013787570602797328 0.018408762954397265
2 0.6690490140745372 0.029872761762063323 0.013958297274979084 0.018637415656230547
2 0.7495855156829351 0.001081194835401817 0.012973791081765952 0.0051171400223867895
2 0.7752267869573332 0.08387319636330945 0.014035948802662042 0.018741097022977462
2 0.8613144916244921 0.10787217883658087 0.013338775392260301 0.01780954465298793
2 0.7775177596705354 0.20481725734100978 0.015249061932267036 0.02036086990073931
2 0.7394523672313195 0.4796414536135446 0.014723270024800892 0.019658081587753132
2 0.7967266845536567 0.5215258590020692 0.015797202312137583 0.02109275854479156
2 0.6812969065631523 0.4761161491769759 0.016954626754750318 0.0226373241448317
2 0.862636206603246 0.5697605685467494 0.015253708505352018 0.020366307606770686
2 0.3049165273680195 0.004623739690598934 0.014645280759734687 0.010887794928725854
2 0.5722994749917546 0.11247380067673414 0.020677385631695692 0.02760888423458514
2 0.6077214373917027 0.37187721598955015 0.015291328653975826 0.020416535832431443
2 0.497137947776874 0.33128819169318496 0.015065695293144646 0.020116036383038778
2 0.5477155756968028 0.2414150036442224 0.02020183236996315 0.026972899669339797
2 0.9655537491778302 0.3684632449052497 0.01410820313789332 0.018836862182751907
2 0.8983225120377341 0.3870553950868473 0.016170840627584195 0.021590835722871824
2 0.8711832970826642 0.3251799039785004 0.020062222956271393 0.02678649614091712
2 0.9129494915264628 0.25363869105322984 0.013889681255159566 0.01854509812530208
2 0.9800926143180273 0.23470406003744068 0.017580742361691173 0.023474178610671446
2 0.401445780678921 0.482350417493936 0.016471811725864146 0.02199351267895303
2 0.4344005417145064 0.559644591684485 0.016275514450882086 0.02173141124550471
2 0.5044514375131632 0.6455239854299164 0.014335311312958272 0.01914009040831501
2 0.504187094523613 0.7498740280917799 0.012531604459120882 0.01673246416763342
2 0.1266171718341672 0.5350545888947366 0.015302494632548935 0.020431445423788837
2 0.24610020921833414 0.5390496831818544 0.012707551610246563 0.01696739140014927
2 0.002076155542412159 0.4067586406484213 0.003228694467376964 0.018056815877236433
2 0.07233874189066966 0.4317677698684435 0.019551059455004415 0.026104005512626392