2 0.2265877794227978 0.024267906727641 0.019310065235357738 0.025782237046058348
2 0.18523278514201685 0.05959305879398113 0.018440383980181423 0.024621991179842408
2 0.16671354528616508 0.11815410202868126 0.019182413707679164 0.025612765160217765
2 0.08233264792496361 0.07446699023098903 0.01783172832369346 0.023808405732545005
2 0.11268749220104862 0.12465916454787915 0.020089547481394774 0.02682297905268355
2 0.07091477071915613 0.15273506419431282 0.018398975227089654 0.024565776185745573
2 0.009624504216702103 0.10141479241525161 0.016848103220468428 0.024803808159189752
2 0.13385233774645297 0.2705996646468816 0.020488989265084967 0.027356300991780175
2 0.11644703715034699 0.42081170945911944 0.02328972254337014 0.031095759647404478
2 0.14909938108664342 0.7609018594162106 0.018045184971064075 0.024094312017436458
2 0.20904323637447436 0.6727806109670127 0.01728022956236671 0.023072059536321948
2 0.12925733840425632 0.6943878012677488 0.02016296449215801 0.026922016538055295
2 0.04383212297694938 0.811933135692864 0.018854496284058466 0.02517397464237606
2 0.012920309081325626 0.7189327190972068 0.017726919075153447 0.023669358324403273
2 0.003497501250987443 0.8521794288695401 0.005492297274965722 0.022803527012450954
2 0.08080098148366908 0.6553512972213796 0.017294108175065423 0.023090589856225772
2 0.2430880043698797 0.5942761345510807 0.01898635425266497 0.025350982359227496
2 0.3237093568097571 0.9152507817017401 0.020570679603611343 0.027465372656440196
2 0.4261569562209478 0.8604552345391457 0.019523265070191944 0.026067875413986
2 0.3891880977633513 0.941057154625375 0.01468836581338317 0.019612216096999823
2 0.47315126787004014 0.8985239478093063 0.017714047068539657 0.02365128114683987
2 0.5467756894441813 0.9046631263139788 0.01551365978533439 0.0207133869904421
2 0.5397265426823016 0.801059931037124 0.01741006936418265 0.023245417861044077
2 0.5974251142009696 0.8383642986997994 0.014411424442588926 0.019242439911903067
2 0.619303577085682 0.9831646515134529 0.015507331131301854 0.020704937155143887
2 0.8295247978561586 0.729249804411104 0.01829962510323155 0.024434046306397846
2 0.8147999135554137 0.6568826043489568 0.018629884393078226 0.024874079382086075
2 0.7465015139568614 0.7240206682253649 0.018388598678790457 0.024551922822003525
2 0.8942203002690179 0.556490351305299 0.018388598678790457 0.024551921720229408
2 0.46257754772238996 0.5365210330717537 0.01596363666392386 0.02131498566712638
2 0.52312188590299 0.5930955015079764 0.016417397192408638 0.02192002976808159
2 0.40124997104863996 0.6284369915187803 0.019284127167594086 0.025748574421376548
2 0.48286342558181444 0.6658798403619012 0.01661647481418543 0.02218583351680896
2 0.9878173042813579 0.8792116102991501 0.018085180016526373 0.024146805953772485
2 0.07271478511844888 0.30552616638419977 0.019822749793552582 0.026466759646674897
2 0.08133651140283618 0.530058986463203 0.01883817423617815 0.025153128996023205
2 0.1212013251403682 0.543736889620559 0.018248658959502333 0.024365078279997048