2 0.01744568727583287 0.23637436613309082 0.015567774566495676 0.020785639470169995
2 0.17882763453186118 0.38213500210167195 0.018438975227076534 0.024619183020487576
2 0.07321227042555876 0.48698815924670985 0.017757515276639557 0.023710209480974548
2 0.14164991242355227 0.5459246200569952 0.018968987613562634 0.025327792722842725
2 0.18537202757707483 0.5619113682846251 0.017935805945531454 0.023947366042003086
2 0.2781074692306365 0.5850553623366743 0.016799928984315614 0.02243077728790544
2 0.21962565916532137 0.6441781207849298 0.018213098265886657 0.024317598676816238
2 0.2985064815255928 0.6726221521123176 0.01790659454996097 0.02390836493873018
2 0.29871534514645637 0.7822155404000111 0.01683854665564916 0.022482337375698238
2 0.19219490537103834 0.7835208153580094 0.018941061932262505 0.0252895545760681
2 0.18286566425062575 0.6900024061689878 0.016615374896749947 0.022185200661042955
2 0.07383886124878355 0.65989009140505 0.01949592568125448 0.026030392502049495
2 0.04111689609082448 0.5498267405059563 0.017762004954555446 0.023715312017667977
2 0.024964777130641668 0.6301412213821674 0.017935805119761335 0.023947366042003086
2 0.0067715627084290846 0.7634563407200453 0.011097843930645116 0.022091525909721917
2 0.09653537323182944 0.018490023232273584 0.018269962014866536 0.024393521498810692
2 0.9316297304141412 0.7121231987304336 0.01431200660610976 0.019109694597279486
2 0.511634076273476 0.9842265690456102 0.01961313625104521 0.023881251378500345
2 0.003993890427428272 0.9699434878401122 0.0062417836498752126 0.026795972436420054
2 0.40868881291586406 0.9973232874712499 0.008236646573057338 0.0007606295482671379
2 0.04582524266989723 0.43258131696825153 0.02275395375721827 0.03038156229300299
2 0.007464498531997733 0.33915095990308064 0.011967412881902322 0.028122054023797548
2 0.04497160641936982 0.33933823671738195 0.016407591246935967 0.021906938258036888
2 0.15581055301704738 0.5223073056008761 0.01959021387282993 0.02615628335234743
2 0.2675184792929643 0.3106934743807081 0.01933259042117377 0.025812313120808072
2 0.06343669084593474 0.257298400482859 0.011993680429396095 0.01601421499425646
2 0.1246612273893203 0.8231581459140206 0.021179137076808772 0.028277767364186253
2 0.2949680765728527 0.932615838127566 0.013696753922367313 0.018288195148611477
2 0.06379472905374652 0.9681509292819008 0.014033676300597363 0.018738062843852887