2 0.2953243745390163 0.9828394064381966 0.02126017341044755 0.027040973538789558
2 0.0593406897208182 0.8660778318805972 0.018907796036360537 0.025245138919422486
2 0.22043511343834973 0.9153060276038707 0.019002099917424055 0.025371050716777227
2 0.10169415325591606 0.6585629624360813 0.019002099917424055 0.025371051819578157
2 0.15803938595433684 0.7350520823292573 0.017121092485560797 0.022860445425144368
2 0.25106574332842974 0.6777532288523302 0.021260173410399485 0.028387033075603522
2 0.3552477004308454 0.527041930520482 0.0223240148637353 0.02980637486177972
2 0.28301991893408834 0.45963571212935245 0.021524201486362367 0.028739570010589
2 0.5972674919443162 0.48083587101113373 0.01829274318744886 0.024423938257929836
2 0.7269749739534656 0.38314321444830896 0.02167316019815961 0.02893846196275463
2 0.6942644864796126 0.6512363850752091 0.016123208918266112 0.021528050716239405
2 0.5310902052054172 0.5389054219352437 0.021391729975219594 0.028561615214663605
2 0.2996587795623106 0.5434407893919448 0.01665604128817621 0.022238661521735634
2 0.3889035777120392 0.4366582449209335 0.01903217919075686 0.025411210584535358
2 0.6089903255658298 0.5416804677432007 0.020353783649889618 0.027175779492402286
2 0.5660696281960371 0.5027911978760424 0.013996878612715778 0.0186882249173085
2 0.5793050855109206 0.6027700357948242 0.01847097357555464 0.024662833517086678
2 0.25579269237710206 0.5421832538545625 0.01931486127168074 0.025789611908179
2 0.31573040635766453 0.7961532824098768 0.02145100165155434 0.028641831311535873
2 0.4925183009557752 0.7532272887289886 0.016417620974380605 0.021921155457780207
2 0.06529664555281896 0.6776195536126294 0.01711547233690727 0.022852080484981573
2 0.10490847860227825 0.26600503259930913 0.02115646325352484 0.028247495039131043
2 0.014151056808303013 0.290993513010623 0.018881306358386973 0.02520977067242581
2 0.3203628164585134 0.014807266370078103 0.016488856317119365 0.022015439912208584
2 0.5116151751422429 0.999292047987995 0.01111388108999723 0.0023056372657188243
2 0.6393373384872763 0.21854287618001084 0.020456278282425324 0.02731262734252241
2 0.7417230549714283 0.12071073494231392 0.016639308835670864 0.022217156559582122
2 0.7377524177770113 0.20692642773537515 0.018463925681275743 0.024652495038672017
2 0.25390191273338875 0.0746419729753228 0.018605954582959838 0.024843063946842096
2 0.4085676857569462 0.019103644899366775 0.030357500412922452 0.039773348401595306
2 0.4995141855283282 0.2753432126656224 0.019901895127989795 0.02657343219357821
2 0.014266107895839913 0.10488273097816218 0.020298658959562933 0.027102178610582006
2 0.3269528247062063 0.14041009365017254 0.0165450652353454 0.022091320838035795
2 0.3524928848093997 0.1177788652980735 0.014347363336092133 0.019156183021670863
2 0.2146481680075279 0.12941498403738294 0.016379569777022988 0.02186952480715684
2 0.19543344994576634 0.08719917641728787 0.02258931544179083 0.03016173208384983
2 0.31406344863242747 0.2919479656498366 0.015637524360037177 0.020878767364688192
2 0.20462309772688603 0.3824603590126485 0.01739114368287116 0.023221023152803114
2 0.7539730815630361 0.4521013279922939 0.02062305697770774 0.027535305402622594
2 0.7533763512309747 0.6020482650802952 0.021179137076760706 0.028277768466987183
2 0.8637714706898477 0.9457536789721089 0.017426161849700163 0.023266904079689014