2 0.25617084831312187 0.4532735088599852 0.015522828241081525 0.020725628445304872
2 0.2784820478123057 0.5658658112346913 0.015054599504551023 0.02010121940436969
2 0.132892016990977 0.3192308120873101 0.02038537489677511 0.027217959205783255
2 0.1822413650920909 0.41086029638294974 0.014858611065238364 0.01983953142269641
2 0.3412559312477194 0.28287310219680956 0.017936834847265402 0.02394964167583311
2 0.25144389923849403 0.19603447459613474 0.020353783649841552 0.027175779493429104
2 0.16995129758382715 0.1606885657533839 0.018990093311310293 0.025355974641498157
2 0.5953767123338163 0.42222685163456625 0.018252927332756616 0.02437169459784997
2 0.5564266521382049 0.5396265417661892 0.023448716763002853 0.031308044101365215
2 0.4715306471654408 0.4078382935822667 0.01878639636667019 0.025083049613255453
2 0.45583717628341963 0.28792704647569173 0.020497307184146153 0.02736740793864414
2 0.5938640886116069 0.2154714943083309 0.019521049545832905 0.026064918412443953
2 0.039865659639811486 0.12559214734103707 0.015904443435173662 0.021235949282822957
2 0.17184207718779004 0.053650051099684626 0.01946603385634485 0.025991461962633976
2 0.265246590480551 0.04203610033384199 0.01871776383154442 0.024991413451065828
2 0.2953099864971471 0.9986579027324668 0.0090357018992767 0.0013460606396148986
2 0.1654134264809824 0.07459541205460536 0.015059346820821511 0.020107558985931806
2 0.005491313721373613 0.10745288640190873 0.008747893476481515 0.02393631091548793
2 0.32783139593216526 0.8612352698782609 0.01577807184147074 0.02106721609699424
1 0.5861118921702347 0.7037203950610303 0.02369140132125021 0.03163206835750741
1 0.6057760002320128 0.7317391202282961 0.021984312964528706 0.029353920617803127
2 0.1604973994730241 0.9359700769717911 0.020664067712630137 0.027590061742257914
2 0.7010712931461365 0.7549589748228381 0.01889951940546886 0.02523503858850737
2 0.9198344952843485 0.48887855360385074 0.020605161023948382 0.0275114101430662
2 0.7852109862532056 0.9051808358438092 0.026121900082565076 0.034878513781926794
2 0.6647683243934103 0.8960842822977191 0.02160708340213455 0.028850234839592905
2 0.6778147037839517 0.8412982566577877 0.01928595210566677 0.025750041896191886
2 0.7258405061750627 0.8761399514396093 0.021126024772929877 0.0282068544651701
2 0.9752343382407499 0.24350017657690368 0.02297122130470587 0.030670507166169116
2 0.9738162534820815 0.12495588481348201 0.013112850536739962 0.017508555678065453
2 0.9031010956467787 0.1344327703354492 0.018426130470684417 0.024602033075688628
2 0.8494116915094772 0.01045257497636361 0.015372980181643053 0.020525555677769466