1 0.5001488783175486 0.09768490960499089 0.01010590999173408 0.013493116869043883
1 0.5492395883082688 0.16752143800792582 0.016888947151124503 0.02255048070517764
1 0.5438176292711123 0.12721226481533923 0.019070405450081998 0.025462250276586777
1 0.5244744241926038 0.14268101392521254 0.012656323699408282 0.016898991179661753
1 0.5112858752276026 0.06872276229169856 0.01297797522709292 0.017328467474718473
1 0.524034805863457 0.0988554107477065 0.012026498761354129 0.016058035281126398
1 0.5529030741014653 0.06833483231209769 0.011079001651538889 0.01479236052968142
1 0.5685827934288828 0.10276828652561992 0.012083951279910897 0.016134140022148306
1 0.5836763549869085 0.14189576240956717 0.014009659785289367 0.018705291068746143
1 0.6096138346347243 0.13055111345339077 0.01219715194052399 0.01628528335136839
1 0.6311551312006864 0.13544452459322415 0.01115969033855299 0.014900654906565128
1 0.6134238598125058 0.15461498863333806 0.013123258464111432 0.017521792722921387
1 0.5877794591158368 0.19237717684633546 0.012724483897582675 0.01698936052854525
1 0.5732720552716872 0.22093888141149132 0.014943585466583122 0.019952992282298528
1 0.5946668124104301 0.07301208770155183 0.021182135425280767 0.028282834619464396
1 0.6327670649452324 0.09140820040079008 0.018619160198202412 0.024859760749300627
1 0.6676434499679194 0.1493070832727828 0.026758597852978672 0.035727300992299205
1 0.5816248028962004 0.01785312901336244 0.012520334434329858 0.016716786108853535
1 0.6052176516054065 0.036241674815256315 0.014165141205655212 0.01891288423424026
1 0.6258797116369405 0.031744742579142074 0.012468775392221217 0.016647945975529516
1 0.6471279293663444 0.012374164178236382 0.012855442609402646 0.017164212790171
1 0.6729658570845821 0.007106794100850328 0.014660112303893162 0.007731491730619292
1 0.6815646960867533 0.06716417330969228 0.0093095805120103 0.01242988092605078
1 0.6456625350492581 0.11705237991035872 0.011399976878590777 0.01522091620672564
1 0.6834697086655022 0.10197504479212167 0.01782729149463261 0.02380248070555886
1 0.6507914151907356 0.0792910175186468 0.011414606110608124 0.015241024255867567
2 0.6122920486254504 0.007103829960879903 0.013447418662240309 0.007727694598076888
2 0.4756767930654066 0.06989393740391324 0.014476483071843526 0.019329306505242613
2 0.41266483696935885 0.08163324850503573 0.014476483071843526 0.019329306505242613
2 0.3744180450351193 0.17516256349167428 0.011079001651538889 0.01479236052968142
2 0.022616531302872507 0.3896581175775075 0.01292054252682675 0.017251782800053485
2 0.04586732733005913 0.3768223551714992 0.014591280759706737 0.01948258765206119
2 0.03618538491066444 0.3987188254367014 0.01164893971922985 0.01555391069493424
2 0.13010729339302915 0.23679630916931205 0.013838551610244498 0.018476831311896
1 0.466148433162422 0.22367926659175455 0.014530090008226694 0.019400154354406035