1 0.6490329420385331 0.9828314616117942 0.012190108175047626 0.016275876515895096
1 0.6729188695530066 0.9945121090140403 0.015070068538435032 0.012389625138228362
1 0.7766687879159575 0.9106281552640383 0.015728262592882646 0.020999917309718924
1 0.781211510331062 0.8376471672500787 0.01668686044591223 0.022280650495735327
1 0.7517570843421669 0.8630725271669201 0.021902620974365964 0.029243742006953063
1 0.7451628098875925 0.8278740147116379 0.011463411230421652 0.015306188533947183
1 0.7088210305713235 0.8863711515564755 0.013509758876978467 0.01803851708905338
1 0.6928482323939855 0.8795235572298609 0.013253516928157457 0.017695711136003905
1 0.7031059927004928 0.8540901228089334 0.012312800990891336 0.016439692392460632
1 0.6742377244496028 0.8759970579074559 0.01588524938064022 0.021210321940917033
2 0.6657384373277424 0.939197913947892 0.013510268373248759 0.01803851708905338
2 0.7952792959092712 0.8881292058577989 0.01497285962015395 0.019991326351191073
2 0.7041317687310666 0.8157411646508625 0.012605798513654306 0.01683089525932744
2 0.6122515443541359 0.9957070062111534 0.01359847398841266 0.01042927563387609