2 0.9364136354080659 0.11155751114351779 0.011859891824958758 0.01583557883061904
2 0.9901472714842657 0.2338698869776453 0.014023253509507942 0.01872343880914012
2 0.9579269177509928 0.3667695924964176 0.015182999174189804 0.02027266262388709
2 0.19070377161370283 0.10818943478035624 0.015632867051988707 0.020873334067806913
2 0.7902337025326999 0.41880254321880517 0.02212591412055947 0.029541876516176558
2 0.8550266507700774 0.3632566600734041 0.018452362510351452 0.02463798456473118
2 0.8301577566835732 0.48803559772961885 0.019718500412875612 0.026327567806522862
2 0.7126159882242157 0.4176026286963936 0.017404221304706556 0.023237609701865693
2 0.7086012788762648 0.34598881350224375 0.02079338067709941 0.027763761852096763
2 0.764249611374125 0.29743638423568225 0.014338849710954643 0.01914481477362187
2 0.8715315670174724 0.29014250940654546 0.015570695293153245 0.02079032304313736
2 0.9687767492589547 0.49636848210002876 0.016893034682116562 0.022555938257518518
2 0.8490045867453392 0.6181700399726662 0.018479995871144236 0.024673953693454556
2 0.9229421507510738 0.6607572047970163 0.0198735516102297 0.02653558875404323
2 0.9850586261006643 0.6449746137059806 0.020079741535922103 0.0268098864388111
2 0.9968531443202956 0.7790208288500252 0.004932052023106268 0.02002652039671319
2 0.9999571736169187 0.9143800205081832 7.264657305787347e-05 0.0025037210588697693
2 0.9499299192304022 0.7499389820254707 0.015415557390609548 0.020582402425858192
2 0.9596321335041524 0.8176805333972651 0.011642999174221381 0.015545393606235068
2 0.5722126804109936 0.498009842997078 0.01868479273326789 0.024947391400912566
2 0.5713205227584995 0.4359188669914628 0.018479299752268953 0.024673953693454556
2 0.6831747862725429 0.1897892004706565 0.017664563170975284 0.023586098126278494
2 0.6060031508128728 0.14244368731618223 0.01973489182491723 0.026349453142584356
2 0.6473769611753231 0.3830574266694675 0.017011872832363426 0.022714611906825246
2 0.3460507198713407 0.29401528420873485 0.01625894549961066 0.021708470782575165
2 0.8979617369585304 0.16462551373290155 0.017596098265934022 0.023493799337831786
2 0.9343171605937323 0.19574464273935774 0.01731251445086519 0.023115164277892324
2 0.39283323586904184 0.17556363510844825 0.014421011560710345 0.0192545148848978
2 0.3464967986735789 0.4455937639108829 0.016504916597842558 0.022036883131885343
2 0.17431037505480293 0.4053936709178552 0.017764917423607956 0.023719200661124575
2 0.4918069735070972 0.8905007933916436 0.01662055161026207 0.02219127673684499
2 0.5589418356183514 0.9178951565738944 0.01508280759702093 0.020138126790786394
2 0.40894783314984234 0.613247561539588 0.013770246077634619 0.018386324145754158
2 0.42757162379693475 0.6543469920286205 0.01565253592073582 0.020898811465751507
2 0.49347976909542396 0.6632813260045474 0.015989938893474248 0.02135010474066783
2 0.5290545548224309 0.6935090166860586 0.0167644558216116 0.022384256891528394
2 0.5602800720415045 0.716592814802072 0.019281543352597713 0.02574512568972964
2 0.6172666409754958 0.7965437223541303 0.01525824277456596 0.02037236163168817
2 0.5572690400143072 0.8334679230862804 0.013999526837300802 0.018692464168289267
2 0.6744762493440598 0.7968477832334159 0.018646148637482783 0.02489579382610262
2 0.8998575719432178 0.8499956792497714 0.013973379025609148 0.01865684895241241
2 0.8635021483008543 0.8919838143003306 0.013472623451665569 0.01798893274614113
2 0.7750670227116304 0.8861761509072212 0.013120973575591093 0.01751940132374439
2 0.8020547911635613 0.648983620297135 0.01408101238647182 0.01880126571038362
2 0.743729985798438 0.6742951381436109 0.013472623451713635 0.017988931642313383
2 0.6995681828395179 0.5416236934945184 0.011597612716746305 0.015485378169139401
2 0.7198647690410026 0.49055622543835686 0.014043871180816153 0.018751674751692596
2 0.8989654143047108 0.41656028809253837 0.017374183319591317 0.023197503858004606
2 0.9218269536980374 0.3788902065916913 0.018055872006572916 0.024108582139302705
2 0.8176675498146029 0.8228949333901507 0.013251619322891067 0.0176931764055639
2 0.4447456582838806 0.8048825372716919 0.015632867052036772 0.02087333406883373
2 0.3849710966874253 0.8181365450470407 0.016681796862089333 0.02227304961384493
2 0.5658099812258021 0.04309750108875934 0.017413524360021825 0.023250906284623334
2 0.6412714272790856 0.04264092520023095 0.016952795210564746 0.022634878721757654
2 0.8765335826892106 0.0437791781918923 0.01623195127993945 0.021673243660212813
2 0.3365232796706917 0.5420845826028086 0.01969810817507961 0.02630033958066653
2 0.1815029333908827 0.5717164004281113 0.018887619322883374 0.02521914773946166
2 0.20096584036854973 0.623681850092693 0.014992360858816552 0.02001811686878595
2 0.33174291655227456 0.7078060308171492 0.020760663088326883 0.027720077177910123
2 0.707855056170103 0.8376142768530214 0.015611045416979032 0.020843412348222245