2 0.8750031223722705 0.9990833435472524 0.01052768208093412 0.004824966924365655
2 0.7738401186970677 0.9192073929268362 0.010849016515248163 0.014485291068779988
2 0.7901778131096915 0.8727027869063544 0.009757201486377893 0.013027531422403576
2 0.7118222307886111 0.7743577933279836 0.014743807597032385 0.019685502756538964
2 0.613207907391461 0.8028872655981858 0.01631196614367923 0.02178008158823687
2 0.4359112478070527 0.8808069485316696 0.015436622625909759 0.02061052921781565
2 0.4581305122069386 0.8446795849382155 0.017609821635003884 0.02351212127867351
2 0.9659387294269758 0.44458642023971845 0.01110383071839574 0.014826069459680555
2 0.9595670286514301 0.3961614820923422 0.010405167630090341 0.013893199558837017
2 0.8838908281683415 0.30833830261477724 0.011258511973572256 0.015032603087102893
2 0.7148937173203114 0.10690776800147392 0.013228313790272435 0.017662724366056287
2 0.6085353267975024 0.03361954947147013 0.010224453344355506 0.013651907387525336
2 0.7848530475347354 0.3094739416601853 0.017225046242794143 0.022999245865432734
2 0.8041452272132505 0.5089248613923657 0.02004137241947184 0.02675865821298027