2 0.024629515108395166 0.311004529868344 0.018327760528507746 0.02447161411244295
2 0.051259625011910455 0.2691758529723611 0.017449925681274278 0.023299510474701832
2 0.5146235378633959 0.7452584147102137 0.016602738232841727 0.022168327453561627
2 0.5734839132402194 0.8116098394444933 0.01762220313791593 0.023529539140436262
2 0.6386885206518571 0.8558466209780503 0.016943401321209275 0.022623189635648747
2 0.5530413876790022 0.6600709663572605 0.022321457473190483 0.029804082690042987
2 0.6263525138698417 0.6605492840020978 0.0180209554087476 0.02406105402417588
2 0.5248448006704647 0.6105088951823927 0.01850913790255342 0.02471286218301234
2 0.5353010350324096 0.48408182308718545 0.01590126507020956 0.021231705622692092
2 0.588639578796682 0.5568642844913205 0.017028549958703367 0.022736023152462703
2 0.5026399884255669 0.5571747400028818 0.018797724194888912 0.02509817530328147
2 0.5452873262584546 0.4978918050751583 0.012646582989246315 0.01688598456475247
2 0.640803264674533 0.46525527014938217 0.017394245251839018 0.02322428886467527
2 0.421692286640068 0.5720716325397774 0.021700685383980012 0.02897521499400628
2 0.288463413037587 0.6768605228915991 0.019413258464079087 0.02592001764089395
2 0.2548624802444055 0.7414823959436773 0.02261837737407523 0.030199399118362016
2 0.23653469874614327 0.5973283851697893 0.02076863005777904 0.027730715546301077
2 0.20034907873420768 0.6704310860593681 0.018448687861294777 0.02463307938217098
2 0.2906956428789413 0.5310580409311637 0.018208780346857807 0.024311833516946175
2 0.17006711911786546 0.5363573559756004 0.015413713459968321 0.020579941565624735
2 0.21412428632153824 0.49529074648828497 0.019611382328625998 0.026185532524573896
2 0.5592681339658427 0.3099952700743996 0.019697446738260942 0.026299457551445297
2 0.6558414443837179 0.27764551555008815 0.01797810239472421 0.02400474310898794
2 0.7582303009329623 0.36247206616288313 0.016584544178376452 0.022144034178362793
2 0.7744433384266695 0.2687040186572364 0.018126044591243166 0.024202277839734183
2 0.6080834751869502 0.205177217716805 0.01651981750616233 0.022057609702434797
2 0.6041183301432613 0.37153171224143794 0.016075493806790835 0.02146353142268241