2 0.02023489321724294 0.8203791741747922 0.01812320644092461 0.024198490628292896
2 0.11174862687114524 0.8564733843203087 0.021451809248530546 0.028641831311535873
2 0.09662238988404537 0.7787194051025097 0.020884343517735035 0.027884167585164606
2 0.19380846239122101 0.7087953198606676 0.01830768125513561 0.0244448048513395
2 0.24164518680925112 0.6653788033297826 0.015522244426077286 0.020725628445304872
2 0.31444020225745484 0.6540024802068202 0.024227641618487207 0.03234925909664034
2 0.2737884403596798 0.5850987570502003 0.015796187448399533 0.02109140352794722
2 0.3432745914561632 0.5458389787124562 0.01774649215523964 0.023695491730772542
2 0.33174083573726587 0.40623629130546285 0.01606383980182634 0.02144797133382455
2 0.2513827018541285 0.7629437002167516 0.019636079273321207 0.026218508269592645
2 0.038197299561091844 0.45634323864140214 0.018682648224610385 0.02494546857712813
2 0.015129788217890752 0.5744838761987191 0.022156839801775696 0.0295831664827834
2 0.07298764459406003 0.4159502090841055 0.01912140957885218 0.025531312018476814
2 0.39594154098060774 0.03206014400194045 0.016598255986808842 0.02216150826962445
2 0.4796085392170517 0.07466304532941245 0.015663257638349342 0.02091312568938686
2 0.41933993878606113 0.10400654695509155 0.01781150536747414 0.023781403527485232
2 0.3789954285989946 0.16412457992767354 0.01625363336085641 0.021702195149091663
2 0.18280340820416527 0.3579186327034626 0.012891318744848675 0.01721211245885199
2 0.02908302498660277 0.9345421742908697 0.016764584640788897 0.022384428886374277
2 0.3057513530540121 0.9395639128097905 0.014444443435147851 0.019286525909108128