2 0.23897138030856963 0.019572732028527783 0.01644481668042282 0.021957467475448054
2 0.2928789261928767 0.013016743326709579 0.01620454335261081 0.018622669239365213
2 0.7381372002649319 0.06058468479281158 0.02251854252685815 0.030066101432930935
2 0.652133824934898 0.014675115725968153 0.01917067712632759 0.021233945976133647
2 0.635278788897225 0.12408612623539689 0.017156155243639785 0.02290639911840907
2 0.7706586097498423 0.26229832385684126 0.019827057803484198 0.02647251047424011
2 0.6474743174665575 0.24575462959945005 0.02435567052022636 0.03252020727662326
2 0.4479970674303593 0.021970426364952767 0.01676771676301084 0.02238861080402839
2 0.3442759877987399 0.6359609637590168 0.018191815854679303 0.02428918191803724
2 0.41054781356529957 0.6001103288815444 0.019563859620146548 0.026121094817749522
2 0.5026287810997034 0.7294955893759559 0.01753880429399045 0.02341818302056558
2 0.3784045600028063 0.7288634100058162 0.01801110239471459 0.024047899669880312
2 0.469398329267038 0.8341885252055828 0.023541914946288118 0.031432479602523974
2 0.3616238908533047 0.8406333962369139 0.019669274979339825 0.026262832414297246
2 0.47776502905960305 0.9370073948749633 0.019193974401293095 0.02562723594256641