2 0.1701470020864102 0.6839315511692878 0.020170284888509454 0.026930778390032783
2 0.09962092224610615 0.7018521520562774 0.022156004954577816 0.029583167585584335
2 0.21212230968856446 0.7581564329940387 0.018012409578863853 0.024050550165667293
2 0.1673108326609271 0.8422185970673619 0.02026853592075026 0.02706297794860082
2 0.29285859951382603 0.0002348065651468563 0.011220327002464692 0.003013165380144461
2 0.15152282280195467 0.9728650842252153 0.018696037159377475 0.024963346195983255
2 0.3981750244227631 0.48462366147630137 0.018930702724991616 0.02527667585423559
2 0.4206753019139176 0.3289725241849924 0.02685972089182453 0.0358623175305759
2 0.3546870931147899 0.32848057998477787 0.019852285714280538 0.026506194047005528
2 0.5110545677663455 0.39689204783220966 0.021398413707711752 0.02857053913935904
2 0.7122335194827893 0.42794078591566165 0.02302941866228657 0.030749367144422928
2 0.13270956562113126 0.4855079518029386 0.018544369942209094 0.02476083572189988
2 0.561916539610337 0.5516490434022269 0.019077208092461957 0.02547133186382325
2 0.7777490333262154 0.7177654584836884 0.017333785301387006 0.02314443770660521
2 0.7938206600982575 0.814955320140468 0.019360881089982688 0.025850085998539295
2 0.8592416350124135 0.8347746119161917 0.018457420313783515 0.02464473869881563
2 0.684628136976517 0.9727425011934542 0.016715402147010918 0.022318759647659062
2 0.6521067275228013 0.9993603019857041 0.014415821635020507 0.004362185225876453
2 0.5561496617411791 0.9689490985240307 0.02021012634183507 0.02698397243656259
2 0.939883385835345 0.9615036616216864 0.019193974401293095 0.02562723594256641
2 0.9960765912179553 0.8365028886752903 0.006239747316286223 0.018368478500938337
2 0.42615856278887093 0.9314554346306404 0.022840038810913933 0.030496503858977998
2 0.6080515623450453 0.7702613863775706 0.024788690338568405 0.03309713781717857
2 0.4760751447952883 0.8581262908910854 0.018498047894302566 0.024698984564837507
2 0.5899000779761564 0.8864026308088443 0.017432126341897895 0.023274868798607504
2 0.27711019545424775 0.7563214756429294 0.022716350123852654 0.030330209481471363
2 0.35052291445671924 0.8728123319827127 0.018187061106525806 0.024282833517148123