1 0.5406452688446878 0.2845953457137568 0.018620099917436395 0.024861015434876954
1 0.4482806843672214 0.35440155897338804 0.02057313212221619 0.027469681367450604
1 0.2948439181448729 0.2026782358751161 0.020553139554081726 0.027442987871694132
1 0.4514004707470145 0.28080641962752123 0.01745467134600453 0.023304969128816827
1 0.4874198225344236 0.3793959687089151 0.021391729149449475 0.028561615214663605
1 0.5137961982517437 0.4062810180310361 0.020838072667239443 0.02782238809270692
1 0.5716540546379587 0.34871280736206745 0.015812616019808125 0.021112544652045824
1 0.4818420226454122 0.3182910073870976 0.015051602807619266 0.020096463065023523
1 0.3962842447765023 0.2620185931298426 0.028317738232886514 0.03781044321974622
2 0.18007359506649256 0.10687054295807485 0.019253688686999126 0.02570793164284056
2 0.0937595054131189 0.015855357716272788 0.01565583815030457 0.020903219405228997
2 0.2998544841161798 0.09752717859788398 0.01780581585465931 0.023774703418324643
2 0.4261585627980034 0.45928933111644765 0.01733443848060061 0.02314443770660521
2 0.5552988109228061 0.5472677257363793 0.016932135425268845 0.02260814663720992
2 0.5025460594821576 0.06395370207004077 0.01919697605284557 0.025632209481328497
2 0.7335993291747765 0.06610622029451708 0.022829863748985744 0.03048291730939882
2 0.6237450332081766 0.065849213648378 0.02035301734103485 0.027175779493429104