2 0.46650575138568884 0.5906781993843327 0.014073921552435115 0.018791109150996414
2 0.4466675130440738 0.6508087596282067 0.011989208918230564 0.016007658213278424
2 0.5122148244439172 0.6744310643365802 0.011224486374880343 0.014986622932776727
2 0.24868633028269382 0.9581028867703929 0.011679483071860914 0.015594121279213434
2 0.3123566866215952 0.8707670330859582 0.013015333608607665 0.017377712238115867
2 0.06638698637596825 0.8695119024236926 0.010820219653153301 0.01444685556787213
2 0.46807205275500546 0.8104614838403306 0.010008676300589749 0.013363293274547062
2 0.5611702864093212 0.7236061684341635 0.011668826589606161 0.01557987761840865
2 0.14658948139331368 0.7766770565432579 0.017947689512810686 0.023964135611867235
2 0.0036227170309812463 0.5215012351689653 0.005686700247713802 0.019452295479669656
2 0.009677762873193925 0.9468900910224416 0.01107704211394614 0.014789744211481977