2 0.015585162844764596 0.9261017213375313 0.011399209744013957 0.015219907387228561
2 0.05284963516786873 0.7984951731411056 0.011639417010745145 0.015540625138132286
2 0.16115655322519956 0.855051625670933 0.011186003303066861 0.014935239250006723
2 0.21986778161391765 0.7897216443325646 0.014407019818322403 0.019235850055111612
2 0.05606614957068694 0.967805187308251 0.009817251857974997 0.01310772105821438
2 0.06311398027523388 0.6994172982992697 0.01360200412880397 0.018160998897242965
2 0.13310650263068557 0.6374695099009223 0.013378560693650395 0.01786333847844351
2 0.0877005886922888 0.6178758522267674 0.015013014037999563 0.02004493936042013
2 0.12646415276652084 0.5632145285817909 0.011357430222974498 0.015164110253030043
2 0.29589364370459986 0.6479266801553284 0.013262486374892008 0.017707684674929693
2 0.22481058635408618 0.5571209647936095 0.013858276630879067 0.018503167585376342
2 0.3906710535145294 0.7285356247559387 0.015054855491317314 0.02010080485082054
2 0.3737181904424839 0.44698489140801323 0.016938653179216733 0.022615996692555543
2 0.40187382263371385 0.5197897546009758 0.0157647770437282 0.021049464167667658
2 0.31165683215614187 0.4713508033069403 0.01151000578035266 0.015368402425236712
2 0.048847897006954355 0.3111063190812888 0.017035247729143357 0.022745823594428345
2 0.14274748813537427 0.1927291466808306 0.018868213047063504 0.025193237045486153
2 0.006940392873118825 0.22085812599259574 0.011404728323711862 0.02181239360522442
2 0.06211874183646306 0.13942449869405243 0.018440227085060396 0.02462178280078031
2 0.11899379109541758 0.11828224530880974 0.01776424772913616 0.023719200661124575
2 0.0062879764968179425 0.08553385899772882 0.012121308009885406 0.016281013231202877
2 0.011154236948695558 0.44585806117090165 0.01748341205616387 0.02334422161012001
2 0.10204279603602705 0.38971919617323 0.019859781998321554 0.026517200661574664
2 0.22047672210433109 0.34624483318980925 0.017689148637473437 0.02361803638411002
2 0.09546313347893057 0.035353230713951876 0.01383024194883644 0.018465736493788652
2 0.11416656504360947 0.0030680839300911374 0.00891978860444187 0.0013871256892529318
2 0.286161828000115 0.168908017007747 0.017493367464874558 0.02335751488447485
2 0.373927835352768 0.24441017396542702 0.011481656482249797 0.015329973539080811
2 0.35880685119081596 0.008763534361917562 0.016267637489651945 0.010393381477133376
2 0.009017931461614163 0.3968296563951042 0.017072725020642034 0.02279500551254806
2 0.1392828259318794 0.0884110393955515 0.018355466556542306 0.024508607496796002
2 0.4163731584686599 0.04601078815737692 0.019087887696135855 0.025485590958706995
2 0.06382137985610112 0.48276448487524914 0.01834027085050096 0.024487396912667755
2 0.15908718736672892 0.3373329809403751 0.018096407927329708 0.024162706724946133
2 0.239202434433648 0.015110364776256657 0.02251788274153166 0.021261865490803118
2 0.6296114981582355 0.6176066601848129 0.01315879933938844 0.01756990738747007