0 0.9801399960806213 0.7117990015624984 0.013025099091632884 0.017391388093007373
0 0.9927673208996678 0.7194028300456005 0.010185677126360693 0.013599620727450476
0 0.9960176961984917 0.7281687641762764 0.006393017341047495 0.01533040793893947
0 0.9856533350782607 0.8193654945682911 0.01451355408751971 0.019378803748444397
0 0.9980511405652033 0.7985395121592473 0.003045931461597481 0.012082152149733464
0 0.9612879336609822 0.9269262083879002 0.019144361684551428 0.025561957000913932
0 0.9703582655730262 0.9103111500154601 0.015273800165179815 0.02039390187423015
0 0.9618214825960857 0.894637338854085 0.01598669446738126 0.021344969129187794
0 0.9426137208645878 0.8925043205405117 0.013835220478913838 0.01847308048467093
0 0.9534625492652691 0.695884022582425 0.015755511147779906 0.021036299889190525
0 0.9554188953325942 0.6517233322944406 0.012140305532620486 0.016209992282339006
0 0.9965448310119708 0.5406656422238497 0.005476375722565129 0.01696774421224849
0 0.9897438769252693 0.48193928814681025 0.012346963666413675 0.016485927233219868