2 0.1597079542099439 0.8676721966838774 0.01052230635840941 0.01404907717754553
2 0.20323016574176783 0.8359741961086516 0.00956856399671883 0.012776148842304715
2 0.19004161682262136 0.751460776074924 0.014718279108171705 0.019651417861781942
2 0.2529070334560734 0.7988045708345128 0.012144220478907319 0.01621460970265271
2 0.2874903395890414 0.7821716757649361 0.011012488852207365 0.014704108049285977
2 0.34845074360779144 0.6966728759136835 0.012312800165169283 0.016439693495261563
2 0.2918865225527495 0.8670867073278804 0.011320586292302693 0.01511491730998146
2 0.37365552604342267 0.8934965744160748 0.009383101568943387 0.012528044100780997
2 0.29393807460894633 0.9561122122724862 0.01261601568952212 0.01684453583280366
2 0.16967263565177457 0.44544777456905116 0.01029081255164648 0.013740511577219066
2 0.2452869829411244 0.48066463365087075 0.009706696944684637 0.012960586549001597
2 0.299360033636682 0.5806477185648834 0.011430075970310318 0.015261104741147098
2 0.2558753774632603 0.996321552509058 0.007661293971934452 0.002323222712150548