2 0.1336270995948269 0.7337846539672279 0.01765020231213182 0.02356603638348072
2 0.19715729489781017 0.8114165112862924 0.01940810074318357 0.025914108047986766
2 0.21549785720651837 0.868476058932508 0.02241665895950029 0.02993119735365206
2 0.20973097936052815 0.6267545437892076 0.022793037159390312 0.03043374641723479
2 0.23138040601696724 0.5935494412073523 0.018480375722515173 0.024674459756891087
2 0.10772341883085318 0.6383600948119686 0.018871126341886132 0.02519712679174368
2 0.06754435183023565 0.6836700903091584 0.016048252683776583 0.021427160969913796
2 0.32941732935640694 0.6593121443798122 0.018002168455806773 0.02403597133347093
2 0.33064633612675765 0.5924121976091784 0.01792287861275226 0.023931007717285294
2 0.27449018138228753 0.7732927128251605 0.01733443848060061 0.02314443770660521
2 0.3268647768708622 0.8795671154639161 0.01327945086707051 0.017731004411019918