0 0.29831301190677534 0.7089167065290034 0.012249236168439056 0.016355438808917735
0 0.28070589701740634 0.885353706289358 0.014596678777880472 0.01948906063967792
0 0.332104444492729 0.8881994587920664 0.01263060611068032 0.016864652701272593
0 0.3497115594383351 0.9031599507058222 0.012849559867869936 0.017156358323621643
0 0.30916184025948706 0.786799143467924 0.00983815606935165 0.013135619624800232
0 0.5485474630986693 0.8749006905838387 0.01207237985133348 0.016119297684191868
0 0.6070599964239983 0.8191042036072751 0.015625909165979897 0.020864044101508345
0 0.04546425715663711 0.9973708942723527 0.005130353426931058 0.0006807331866538511
0 0.073777834430793 0.9233446711204051 0.013272851362553734 0.017722192943268666
0 0.1018780784294606 0.9199026494164764 0.013818586292331708 0.01845017309755481
2 0.972619072223687 0.15385820499550482 0.010088937241950516 0.013470454244179263
2 0.8994360589429495 0.10203481502954201 0.009427378199837678 0.012587159866920971