0 0.2798923547193658 0.8176479744596578 0.008461333608589713 0.011297325248385408
0 0.2950883869237084 0.8301311622516487 0.009886360858758552 0.013200477398151599
0 0.20823216644538917 0.9227880373126863 0.009644962014829622 0.012877672546170447
0 0.21859190828986136 0.9245725786036174 0.007701628406272169 0.010282991179845232
0 0.21885868274876125 0.9371519326011608 0.010950758876973067 0.014621134509579942
0 0.22855148843156395 0.9286625758717052 0.011044592072673505 0.014746417861345585
0 0.24944882176206604 0.9502097733160676 0.012338315441804184 0.016474379272772104
0 0.2524722657538162 0.9318665684598201 0.011970880264245223 0.01598317089337597
0 0.2635434061938875 0.9271772801198369 0.011743022295631757 0.015679532524440622
0 0.27127986576956675 0.9242695381745795 0.011123716763001931 0.014852622932576817
0 0.2820842317103629 0.9303235497639865 0.011717174236186258 0.015644429988805882
0 0.29760161327853957 0.9560812317592717 0.015420378199843867 0.020589616318061832
0 0.2839071905777984 0.9471776871187274 0.014690908340210038 0.01961487320856558
0 0.31440840478337423 0.9380432676129626 0.010542727497919261 0.01407687320828832
0 0.31014001330797786 0.9652900888318608 0.01145396944673572 0.015293583242056322
0 0.32281180053346037 0.9557346632240018 0.010189175061909613 0.013604802646301482
0 0.32961454948765695 0.9518122810155745 0.012457412881897816 0.016632775082987092
0 0.348288762280158 0.9513992226529607 0.01116876383155352 0.01491276957012524
0 0.4312556218708697 0.887639280234062 0.012200537572249932 0.016289802646015945
0 0.26674469981772647 0.8150990074418296 0.010279568125536891 0.013725497243389931
0 0.22334938630603776 0.7915873112230918 0.011947737407090387 0.015952271223478965
0 0.24504704305356673 0.7775804816859199 0.010224036333617592 0.013651349503739994
0 0.23499853804592746 0.7779392786549923 0.008758079273325125 0.011693532525252678
0 0.23873338061356977 0.786369854351249 0.008394488852169644 0.011208498346297915
0 0.5645539312069531 0.6906648333047855 0.013165184145356498 0.017578432194748944
0 0.5400106801246608 0.7493155410928116 0.014160587118102605 0.018907517088985824
0 0.0032032159589977763 0.7281631399942059 0.005088532617674028 0.01523057552303014
0 0.004089189795423437 0.7984671378980546 0.0067212369942247045 0.013040839029063266
0 0.021223264171789585 0.8203124436688463 0.016084711808408668 0.021476649392761758
0 0.07671235359025255 0.8972496675171344 0.0159266275804779 0.021265571113458146
0 0.0932523706177781 0.8927423585475296 0.013520743187471169 0.018053183020960206
0 0.09787646138902736 0.8559434986041803 0.009451165152734805 0.01261892061692877
0 0.0829370911706575 0.8535671291560707 0.010467080924849154 0.01397586879838985
0 0.11495002739116647 0.9017734224091735 0.009390376548274727 0.012538230429632464
0 0.12384250965867265 0.9029563540128669 0.011700289843084473 0.01562188643871785
0 0.010374435807878581 0.9573388370606214 0.009470867877768416 0.012645703417997574
0 0.045410815984280636 0.9927132346943564 0.013422641618468381 0.01724078721041322
0 0.10178915361024388 0.9561447443321446 0.013165184145356498 0.017578432194748944
0 0.03473983723116526 0.5952061349546584 0.01304500165154533 0.017417306504535768
0 0.045944364923613895 0.5389240665839782 0.015360525185767174 0.020509699008364926
0 0.016777023066948057 0.563383962304969 0.014517910817503839 0.019384622933238317
0 0.009129488303852486 0.5503315122175835 0.010259549958672926 0.01369876846724499
0 0.004579660590420055 0.5405716436495132 0.007373184971074927 0.017156358323621643
0 0.02869294929159705 0.495704822689952 0.016221772914930783 0.021659653803257656
0 0.021045414542584757 0.4795680533542145 0.01046143022294154 0.013967797133451391
0 0.012152932273540461 0.4733902183530776 0.01263060611068032 0.016864652701272593