2 0.9207715979487151 0.788735755816792 0.010257625929003044 0.013696199558190632
2 0.997374399486044 0.7645290053840789 0.004111169281582526 0.01542244762974938
2 0.948220095205135 0.6360398403932612 0.013389511147808533 0.01787728555664798
2 0.9988965805119878 0.647285670848089 0.0017351081750461791 0.010337891951490855
2 0.7149078683904776 0.6701536299629998 0.012291962840595505 0.01641187100243049
2 0.7124531247497718 0.5675074516527576 0.011877819983464374 0.015858919515819705
2 0.5904827144138364 0.9941252756457213 0.01594049793561962 0.005734036383942969
2 0.6382176363688812 0.9191307007050699 0.019594253509491528 0.026161676957636514
2 0.6146572753705809 0.8523415252402047 0.019698108175031544 0.02630033958066653
2 0.5403909200725925 0.942381369416184 0.019465901734135142 0.025990305401696983
2 0.7463733515115113 0.913419702448682 0.013043115606964478 0.017415444321453966
2 0.805871799375993 0.7306072966492393 0.014969014038028415 0.01998694377100093
2 0.5655731899489519 0.5493879695920953 0.015411857968641553 0.020577465270285505