2 0.965626459324757 0.9664900493186867 0.012631163501233004 0.016865396913235478
2 0.2721784047423466 0.3468692447536326 0.02017108257634036 0.026932856669729572
2 0.20439968504767994 0.45651420175745805 0.01953167547483357 0.026078124586061513
2 0.28344640347139155 0.2306132475355724 0.020853898431075248 0.027843518191876655
2 0.5864872785182158 0.6329524762622495 0.016866608587913463 0.02251980485047533
2 0.5489272827794545 0.5725424487611983 0.018630403798541882 0.024874772878554715
2 0.6899479942016179 0.5248960223482242 0.021377628406270967 0.02854386218356291
2 0.4502469302055774 0.6970007762553164 0.02004061849707273 0.026758657111206154
2 0.36420039444662705 0.7409906834240719 0.022462605284886476 0.029992545755680694
2 0.7312639895694878 0.16838839289330793 0.017873439306389804 0.02386409592072355
2 0.7362150799754729 0.3094802213167359 0.0228799999999936 0.03054871003306753
2 0.8009207090137478 0.2609369725701548 0.01741083154418682 0.02324643660369591
2 0.8803088819204532 0.2303825450543614 0.022465200660616455 0.029996011025234318
2 0.6062916399578239 0.2242341837922754 0.018940725020649377 0.02528910474110366
2 0.879284518458494 0.045297861931991354 0.016520894302226738 0.022058218301714387
2 0.9974152384942835 0.1532292106304864 0.004048802642440877 0.01930054024276719
2 0.5714632802067823 0.044839356078169704 0.0180286366639495 0.02407221719951193
2 0.11271914991113326 0.0984086960239917 0.01744362592895559 0.023291098125393952
2 0.030257886435660054 0.1866208268873714 0.019804360858781123 0.026442206174118778
2 0.058598610553386735 0.236772670155923 0.018374510322067605 0.024534035281020463
2 0.30589703728975903 0.3937188089551053 0.01690975639965842 0.022577414553008702
2 0.5012943790161857 0.292166548361129 0.01718503550784378 0.022944960308845474
2 0.4114918436394223 0.4964037731489066 0.020557509496291634 0.0274488213887929
2 0.4789291087732286 0.8720759219441732 0.01487526094135663 0.019861764056852464
2 0.5217816494416806 0.831268849708715 0.016963107349323363 0.022648648291111583
2 0.5904140053771172 0.99033073255897 0.019087886870365736 0.019751555677564956
2 0.6699729055242861 0.917879204659044 0.022731742361692356 0.030350760749798953
2 0.8181641616186198 0.7542116733189865 0.022401080924873782 0.02990927122422425
2 0.9342586940577317 0.85816925232809 0.015721746490523065 0.0209912183019923
2 0.9282832402126667 0.6402451069337596 0.017824448389741402 0.02379868467479057
2 0.862382520274611 0.6856089401589717 0.016866608587913463 0.02251980485047533
2 0.8939670621998866 0.415944418420167 0.016650940545034403 0.02223185115712546
2 0.9900865059805085 0.2844122060212125 0.019369832369966877 0.0258620363837796