1 0.5218869752864796 0.523483178383222 0.01657129479770208 0.02212634399151296
1 0.5344160967688157 0.5648683118433697 0.01877979438479499 0.02507517971365395
1 0.6515743732685031 0.6508662899331803 0.022745734104032234 0.030369441014690923
1 0.43352369734469276 0.4665417679962358 0.013370468208101416 0.017851859978025384
1 0.6036559787609547 0.6194457411201303 0.01307079190751507 0.017451740904016032
2 0.6852730864785942 0.9288345982054661 0.015309561519396378 0.02044088202872639
2 0.7857619214106604 0.9828792807564978 0.015156862097413569 0.02023700110166608
2 0.8038828588852872 0.8974184763639377 0.018313296449216487 0.02445230099281179
2 0.55513180838148 0.8813783399844922 0.01000666061106148 0.013360600881566024
2 0.5732692992526667 0.9872989770910131 0.015309562345166498 0.018251389195236903
2 0.9756787594488163 0.6419542562914755 0.014159379851368727 0.018905190738634736
2 0.8410660812221633 0.6856222438062269 0.009895347646569477 0.013211980154029327
2 0.8229451437605142 0.5624642830604919 0.01771693146160037 0.023656022051080257
2 0.7222209719148992 0.4210592408992079 0.013186769611890482 0.017607253582895523
2 0.7784664790661991 0.28155823079448156 0.01874439966972359 0.025026975743792944
2 0.6972752657995719 0.20990909679763045 0.014345899256821846 0.019154228224873938