1 0.7091722836808615 0.26855447318593845 0.008496023947132704 0.011343643880452316
1 0.7082068541223813 0.28745855232382395 0.009332134599492115 0.01246046306526385
1 0.762110005517188 0.27349578186175494 0.00844712551611281 0.011278356119472832
1 0.7551910935570509 0.30765546402301486 0.008044943848075338 0.010741778390631984
1 0.7387787907296471 0.33300335538936027 0.00946471180839304 0.01263700771764693
1 0.6895418822842544 0.3168912628684049 0.009203640792732651 0.012288895259018835
1 0.7077241393482362 0.31903999972607955 0.008947240297298441 0.011946094817920385
1 0.7485939914377081 0.27951130926272244 0.008422252683728029 0.011245570011034427
1 0.7234928224246444 0.2670513982694625 0.008121808422794743 0.01084440904068776
1 0.7151257660994856 0.29347666314173626 0.007856084227888414 0.01048960970240299
1 0.7259868488489003 0.3218336020778072 0.00859416845579717 0.011475115765990996
1 0.7356411446087581 0.3125953649354497 0.008761235342688264 0.011698186328755784
1 0.740870554813268 0.2683365123157514 0.010242069364159308 0.013675427784097957