2 0.012936064391108545 0.04378664809614913 0.011079544178373623 0.014793085997108915
2 0.11335739588626821 0.1462890860576351 0.0143256639140988 0.01912721058368157
2 0.06214251682189394 0.00399205273237026 0.014381176713449554 0.009835840132017645
2 0.007758265342203858 0.8468972141572091 0.01290399256812387 0.022634877617929906
2 0.06315777048806588 0.27176498764018964 0.01718503550784378 0.022944960308845474
2 0.17413048532619937 0.1266764025855912 0.018164727497935483 0.02425392833564024
2 0.3701253724059522 0.22891400806203305 0.019148870355083933 0.025567015435838253
2 0.2113490266097009 0.2667496568331333 0.016952795210564746 0.022634877618956724
2 0.2938102900559501 0.19198998881867432 0.02125262840625789 0.02837589195217884
2 0.11164431050522668 0.45047620332018445 0.01639275474815678 0.021887954796819466
2 0.28996892684792236 0.7280047243387082 0.015937184971135453 0.02127886659238804
2 0.15791139625336645 0.8399251525391965 0.014365931461585577 0.019181696802804855
2 0.2547137490136266 0.8266076685885396 0.023932599504530187 0.031955314223072365