0 0.919616719706693 0.05547501798719168 0.009702271676309326 0.012954678059922163
0 0.8933861612696639 0.1212096027988846 0.01272400495456647 0.01698936052957207
0 0.8208644421843075 0.08668257241253356 0.009502573905835308 0.012688036383742666
0 0.7679267203572097 0.24050167683088924 0.011226083402178526 0.014989305402603013
2 0.40926963229047275 0.7427857663911637 0.01197201899258792 0.015984691290314233
2 0.5000200126108922 0.7887557879184777 0.01456345169283765 0.019444696802354305
2 0.5724272309087927 0.8003553836662918 0.015473084227900266 0.020659990076801218
0 0.9544670272911349 0.2626074965460002 0.010211530140378842 0.013634651598480532
0 0.9557391073218582 0.2727976640380401 0.010424886870334073 0.013919006615195345
0 0.9273293201053038 0.3116666321502023 0.014034405450037089 0.01873903528118738
2 0.6039383095111559 0.3648875765379235 0.012389370767985302 0.016542550165087083
2 0.5297336413951965 0.39790000673486153 0.019389445086682337 0.025889197354181336