2 0.3441563673195057 0.28085819091298747 0.010760020644136364 0.014367006615403929
2 0.33521746191978463 0.35442676006733154 0.011901312138736063 0.015890285556534225
2 0.2805582535004014 0.3383811646723317 0.01094991742361423 0.014620562293489752
2 0.2481730388591649 0.23683756912001866 0.011671753096606499 0.01558378500537382
2 0.28334250271735245 0.18342486599228183 0.012368018166798465 0.016514039691845665
2 0.22882983372576532 0.10809392940721248 0.010361511973567264 0.013834910695220302
2 0.18017874207515092 0.19711804138280886 0.010906691164332792 0.014562844543162293
2 0.8264176404837312 0.3511055629595687 0.014653391412034028 0.019565519294573164
2 0.8888434388581644 0.2967082993266026 0.011868342691999772 0.015846862183532616
2 0.9284090857125045 0.47827703946361433 0.012197151940572056 0.016285282249594274
0 0.8793183757133246 0.13705052899005757 0.0101059108175042 0.013493116868017067
0 0.8867918867703403 0.1458517676712216 0.008397301403806767 0.011212254686500825
0 0.8687675365613671 0.07464237557878141 0.013269710156908544 0.01771733076070346
0 0.7650176181885145 0.060359179181926764 0.01307079190751507 0.017451739801215102
0 0.7949116624778131 0.037864475404225544 0.016122001651532235 0.021525627343023098
0 0.8129360126686654 0.05957272658463415 0.011059184971093997 0.01476645865503292
0 0.8325722966810652 0.07679009516112498 0.01090275309657875 0.014557586549529693
0 0.8750687321665498 0.049593701018092386 0.010668232039629976 0.014243911796731026
0 0.8832749403946538 0.027483793812400386 0.010253186622631838 0.01369027232662944
0 0.8111775394595051 0.029442840098693985 0.011545967795218177 0.015415841234024397
0 0.8230472335427143 0.03198659010416322 0.011671753096654565 0.01558378500537382
0 0.6775335768130235 0.3775120578396166 0.01081218744839044 0.014436117971014096
0 0.5137024910209783 0.4569445521485516 0.008913645747340338 0.01190124035226602
0 0.12126989007294355 0.8601925983879194 0.010435848059455697 0.0139341664828089
0 0.13944077971985472 0.8155811619970541 0.009267967795237166 0.012374319735803573
0 0.1460350542369627 0.7815380992220002 0.009829793559040484 0.013124948180595859
0 0.19072958123782716 0.7817301888649312 0.007891093311294171 0.010536353913974736
0 0.14574197536896957 0.6979890745492547 0.007472074318763321 0.00997649614166267
0 0.14757371825073953 0.6885493659232604 0.007608054500418499 0.010158435502135767
0 0.11526177337218782 0.7259662509685364 0.0066893980181779835 0.008931825799988675
0 0.13035533492372453 0.7431850124031404 0.007250370767936926 0.009680484012878257
0 0.08683312339545747 0.754140807462542 0.006766251032163784 0.009034101433370184
0 0.08360925588141942 0.7975772955396357 0.0073269710982369115 0.009782759647286582
0 0.05679253970614491 0.771554259051463 0.006841995045386984 0.009135232634571316
0 0.012830709824986483 0.8691867752906342 0.0071549669694379245 0.009553103637907248
0 0.015028801331810674 0.7294886242998754 0.006966405450053049 0.009301341786701335
0 0.03041544180166539 0.6915341825393884 0.008453369116447913 0.011287116868649388
0 0.0263123376941263 0.6623860075813127 0.01081218744839044 0.014436117972040913
0 0.123321442152212 0.6635568603224304 0.009197848885240145 0.012281162072847933
0 0.12639877028762525 0.6839080916002984 0.010879094962810852 0.01452599669259366
0 0.14090617412182524 0.6351868742953702 0.00915607597026551 0.012224927232441592
0 0.21974438890291056 0.6623898082645867 0.012938206440961015 0.017275367143677903
0 0.07086032524633411 0.73516617020512 0.008932561519362331 0.011926944873808106
0 0.3770886463652235 0.5193668294178431 0.008496023947132704 0.011343644983253248
0 0.5579457872439638 0.6652378935794024 0.007295658959536855 0.009741319735691593
0 0.8614124844594213 0.6005744564048165 0.008422252683728029 0.011245570011034427
0 0.5918967273799317 0.10796004363213478 0.010362687035506817 0.013836479603077769
0 0.8452094874477332 0.023120817038319932 0.016781078447556257 0.02240560749749003