1 0.14777394125647966 0.31665158254436354 0.012866277456657329 0.017178678059541798
1 0.16636555243150272 0.33267761813117297 0.012284944673800575 0.016402500552200234
1 0.15765808900421396 0.3581280307330873 0.012823159372396337 0.017121109151401553
1 0.21602162775341505 0.34807996549813003 0.009189851362485835 0.012270484012864786
1 0.1810741055749886 0.4523957888837062 0.011107879438480588 0.014831476295500369
1 0.20496079579381576 0.421127331096067 0.013250112303862967 0.017691165380294884
1 0.1956649902999604 0.5232464997857694 0.013691559042104826 0.018281260198300505
1 0.23331888625850097 0.45538144015071474 0.010776377374073299 0.014388847849696317
1 0.1668362261540092 0.4002386779835511 0.009660284062737905 0.012898130099008798
1 0.19119359014408155 0.3755619188333228 0.015548270024800663 0.02075959757471492
1 0.16389451554869122 0.44768314591332725 0.010733011560699142 0.014330404629887727
1 0.15048031504361134 0.47266164855557147 0.01158899587116102 0.01547328996766757
1 0.1615411470132564 0.4927720550412791 0.011298194880236609 0.015085588753543785
1 0.18695752681451208 0.4803561828732737 0.013681443435192633 0.01826775303190572
1 0.196017995544159 0.4494151622313665 0.008659629232023668 0.011562083792372667
1 0.20696115909956786 0.4690457294040997 0.012983623451690176 0.017336008820760803
1 0.22472909126419408 0.5326751853229504 0.012474603633358644 0.0166563550164346
1 0.17401400008173482 0.5468122489286265 0.013892326176712178 0.01854932855592903
1 0.31733414172250657 0.46889054579116085 0.011872271676282502 0.01585151157685881
1 0.3081560045951581 0.500161472903082 0.008379791081761118 0.011188875413535712
1 0.31086237836445735 0.5180637103504406 0.012666720066094213 0.016912235943097396
1 0.29438879887279645 0.5444592839772294 0.011844248554877349 0.01581409702317783
1 0.2713257875957282 0.5260780383529842 0.01166758216350531 0.015578217199636991
1 0.3369847686990037 0.5444599156655051 0.011502652353436773 0.015358007717323145
1 0.2617946451398737 0.5708555009528222 0.010732607762187006 0.014330404630914544
1 0.2659130400322796 0.547759984689739 0.011063335260134467 0.014771443219750692
1 0.30239025178914514 0.5711712333329573 0.009853281585461577 0.01315581477467944
1 0.29250610405986804 0.5290677282946901 0.009153968620974983 0.012222111356560686
1 0.2383786285688107 0.6109178598103542 0.010696829892616123 0.014282095920635427
1 0.2890937197567494 0.6388822067949957 0.011179937241961571 0.014927689085664206
1 0.26450101888965827 0.64453328277735 0.013710265070150747 0.018305546857720567
1 0.16589487873081812 0.6338595932877347 0.008556364987600783 0.011424639470702758
1 0.1969593429375493 0.658052212355377 0.009605303055354533 0.012825203969121768
1 0.18189778454832672 0.6063646899922335 0.009153623451708726 0.012222112459361618
1 0.215433285677764 0.7634638748198436 0.013576305532596488 0.0181266879827162
1 0.2281414756031217 0.6699884374355928 0.0116841849711113 0.015600382580392088
1 0.16671855768574706 0.735660899578375 0.010848492981030041 0.014484590959613023
1 0.19519431659067205 0.7128806412907969 0.01073260776213894 0.014330404630914544
1 0.12324164271651529 0.004237561742338745 0.011355625103240483 0.0031813550165463176
1 0.09250384260335834 0.010023592079988585 0.01509404789427992 0.012688950385976389
1 0.15618781852101388 0.004331849836831648 0.011408461601966353 0.003303324145520601
1 0.14118450947328334 0.02803633161928287 0.01775128158549782 0.023701887540806744
1 0.16354151026464608 0.04296827532429055 0.014011933113124167 0.018708325248897536
1 0.5017408266692679 0.8434096416941091 0.017003021469890755 0.02270193936050661
1 0.5061870678215503 0.8716728408936958 0.014106881090026106 0.018835807056910674