1 0.7233855082931475 0.590945574864663 0.01629687118082339 0.021759109150581348
1 0.7529864737337273 0.6402382962313268 0.023120804293954807 0.030871388092719207
1 0.7351086629245759 0.6210727610326523 0.018405033030589883 0.024574789415753334
1 0.7310055588146815 0.6574603776748332 0.020714734104065137 0.027658751928540153
2 0.5126274735581735 0.6493922981732374 0.017483067712619666 0.02334288313118238
2 0.5119207624202685 0.7518713290832912 0.014114420313776865 0.018845163174836085
2 0.42697408524001385 0.7886654450850769 0.017187403798521312 0.0229489856677863
2 0.5681749679547912 0.9375649552367209 0.01579182989269335 0.021085585446981046
2 0.6915667303114446 0.933034332265796 0.016483194880248266 0.022007882028259543
2 0.7208245709028674 0.7603622899219279 0.01487734516927608 0.019864546857946763
2 0.8006829279595079 0.8824654244114424 0.012705085879464001 0.016963459757724498
2 0.891141951911301 0.7460179731605088 0.01582275557390958 0.021126082690705802
2 0.7020260549757863 0.8435898913889959 0.012792355904196452 0.01708062513820753
2 0.8536862623200576 0.9758792683757357 0.013094846407960159 0.01748451598752557
2 0.8224496306197523 0.9368168100768078 0.012138527663108146 0.01620761962461695
2 0.8437923065458908 0.8849218872302882 0.010999294797698395 0.01468593936080838
2 0.7503650958851114 0.9927863012927419 0.013662242774546307 0.016362458655390943
2 0.4747477572800728 0.504844746405573 0.012657824938045546 0.016900360529837757
0 0.9541805842544782 0.5348536412949368 0.011010187448380771 0.014700481808788524
0 0.9619544066211788 0.5476837378650361 0.012412390586257543 0.016572662624053023
0 0.9635091711150622 0.5025846593835634 0.01027782658957334 0.013723171995839776
2 0.0023141630147437663 0.018108665845598185 0.003607095788582132 0.015702027563609455
2 0.26216905092054166 0.5839105874131605 0.015996043765486752 0.021357452039952908
2 0.22329993912630808 0.6514719060171383 0.015465190751411938 0.02064867254732692