0 0.3744162225302806 0.9935123970189934 0.009599312138753311 0.006839897464077751
0 0.40205875955268083 0.9652521342579213 0.009594266721728842 0.012810468577185303
0 0.413931506417321 0.9801074602243788 0.0062642675474736745 0.00836386879784894
0 0.43227066008020715 0.9764318779273146 0.008632874483860565 0.011526362734303585
0 0.39304819266213004 0.9486862899501456 0.006324727497925685 0.008444909591642603
0 0.3965464127909478 0.9332625031873765 0.008362798513638888 0.011166185225835512
0 0.4499207704376451 0.9651031174533719 0.005497035507861029 0.00733948291136648
0 0.45877232727098444 0.9565418161577088 0.006445276630882014 0.008605869900735039
0 0.46635180408830856 0.8952564443374318 0.006495017341030861 0.008671958103176317
0 0.5057332814985162 0.9138676959635175 0.006026551610206482 0.008046476295692261
0 0.4975177646664792 0.8748035698619804 0.0060757638315164925 0.008112183021424624
0 0.37926732574676647 0.8954703261348795 0.007347416184984092 0.009810057332145733
0 0.5082774415653942 0.6520292845943814 0.00881799587117228 0.01177397464189469
0 0.511987674937039 0.6204657576620874 0.008352356729980921 0.011151823595108705
0 0.5299028019951161 0.6281113332556406 0.009745697770421535 0.013012171995054927
0 0.543789675538382 0.5632866711675085 0.009414565648191818 0.012570527012541053
0 0.6126940102049866 0.6003650339852193 0.007056944673789802 0.00942258213881851
0 0.6190544103319748 0.5896103831794618 0.008232799339391564 0.010992607497122414
0 0.6430119174605845 0.5930096641410852 0.009481524360023167 0.01265945534664386
0 0.6380296040386054 0.5071002943615831 0.011491394715101407 0.0153435523711071
0 0.6046375033749336 0.524078258898524 0.007969258464098017 0.010640722161411516
0 0.5820580829445078 0.6626425501228184 0.007682375722540916 0.010257284453728102
0 0.6202204837235964 0.6629292512386462 0.009643694467405758 0.012875979051585365