0 0.1437205078670929 0.7510662208030939 0.00989862923202944 0.013216859978328992
0 0.12580538087390467 0.6753395726429884 0.007495803468184689 0.010008178610260194
0 0.11817290074152381 0.6559476426062241 0.006761198183304371 0.009027355015811808
0 0.12591138755083414 0.650992244355742 0.005894580511958819 0.007870272326651785
0 0.12983363433295944 0.634863631184754 0.00946729149463495 0.012640452040143746
0 0.11933897412930017 0.6270718114684688 0.005528631709367237 0.007381667034924359
0 0.1016358604322439 0.6627419492159996 0.007047649876127661 0.009409816979811565
0 0.08435677343675317 0.6224007613201191 0.0053509752270723306 0.007144466372126715
0 0.13364987434274467 0.5993382719857773 0.009754549958712394 0.013024482910974154
0 0.11393263397383997 0.5989064867438825 0.005821687035509835 0.007772947078346877
0 0.11446266733099376 0.5803648628501885 0.005704480594521639 0.007616743108600608
0 0.12050504745540812 0.5456901934262788 0.006737635838149329 0.008996233737348787
0 0.13693608111683833 0.5454088913075535 0.007658936416172337 0.010225988974817335
0 0.14001027448756526 0.5741433998140637 0.009007448389738626 0.012026482910665354
0 0.1473247346247744 0.5683408853184132 0.00933064492154039 0.012458472988078454
0 0.16481583495451327 0.5621082565296429 0.006575832369911902 0.008779858875621311
0 0.17244831509636308 0.5846179676228824 0.009455414533468608 0.012624594266911458
0 0.16852606839868936 0.5953675193235672 0.005528631709319171 0.0073816670338975425
0 0.17743062852920494 0.600180387643783 0.0058905450041478145 0.00786518081591404
0 0.16725398835268113 0.6048495288221566 0.005003694467389576 0.006680787210337317
0 0.16746600167438408 0.6190081704007472 0.007717111478104009 0.010304049614410284
0 0.14912684800491294 0.6124963816912493 0.007126660611044806 0.00951566703436853
0 0.18771327540462432 0.5524822442505875 0.005767386457465611 0.007700445425163753
0 0.19582278551084883 0.5468917736011457 0.005930468208090387 0.007918487320414846
0 0.1958227855832359 0.5359233552353845 0.006311388934751347 0.008427100330016184
0 0.1878192820931857 0.5223365051265243 0.006657353426909657 0.008888705622285702
0 0.20122912569216841 0.5290614603038019 0.007710118084220396 0.010294325248253057
0 0.20806655578026287 0.5360635760380931 0.005565098265882329 0.007430356119111459
0 0.20690048246420067 0.5446999569709978 0.007021827415363597 0.009375692392435528
0 0.32679402475038805 0.7320971180466153 0.008145286540070535 0.010875349503951075
0 0.36410837210610997 0.18675592112382658 0.00865107927333739 0.011550669239006337
0 0.36230625874625516 0.1546274746882153 0.008947028075963948 0.01194626019801431
0 0.39177611266332235 0.1132991420774584 0.00915593311314038 0.012224735391286204
0 0.40640503292610874 0.07975396601629034 0.008715457473204777 0.011637062843695957
0 0.3594440787038643 0.04082939311833241 0.007644249380679231 0.010206379272585863
0 0.364426392151222 0.021866720552785195 0.009474054500385642 0.012649958104084121
0 0.374391018987874 0.0015693871908160923 0.009577347646570441 0.0059768246967333155
0 0.4668288341036811 0.06998589333216634 0.007576325350980529 0.010115690187416568
0 0.4731892342124043 0.07763004808377602 0.008246436003319885 0.011010815877192206
0 0.4354508601138764 0.031482400509190996 0.004668933938893402 0.0062340595364127034
0 0.44276532028631777 0.04068753160762189 0.007468769611884216 0.009972083793035087
0 0.44933773376106056 0.033187940658214926 0.008480533443417855 0.01132296141167197
0 0.44085720027404707 0.022992514300775174 0.005906007431870869 0.00788553031993149