1 0.1419908824968644 0.9968853665735519 0.009585465730800855 0.00144463506051829
0 0.26485079462944916 0.8851321863016687 0.010098800165128827 0.01348362403563424
0 0.2783489771426 0.8684319544618471 0.010772246077601374 0.01438333076048055
0 0.2726952881367899 0.8559729912458963 0.008709479768781267 0.011628643881689753
0 0.2734726703791413 0.843144100723129 0.010823121387290389 0.014451261301747757
0 0.3206809734996573 0.8566327593397132 0.008310393889320816 0.011095796030963532
0 0.3302922447992244 0.842955840229906 0.011010187448380771 0.014700481807761708
0 0.3316349959215607 0.8654059137884105 0.007152810900094884 0.009550223814974546
0 0.34817203627640697 0.8683331016740683 0.008282702725052273 0.0110588235946941
0 0.3445678095078626 0.8840012571547496 0.010897616019840087 0.014550727674000319
0 0.3615288765135169 0.8904161684116494 0.010118182493807496 0.013510012127409762
0 0.3680306188746807 0.8291810692134985 0.011885753096630036 0.015870108048389477
0 0.36131686317292405 0.853146011286026 0.010742938893466102 0.014343659316478123
0 0.40485026849139427 0.8489017729486248 0.011820024772951706 0.015782346196324782
0 0.3889492681774566 0.823613019706322 0.011381789430190328 0.015197206174599494
0 0.39566302381917906 0.8596512827521156 0.0078058794384893776 0.010422183021024083
0 0.38131678796966056 0.8304037694144654 0.009735845582158644 0.012999507166289179
0 0.3960870505040658 0.7997393556649754 0.010731775392251416 0.014328754134270821
0 0.41000925965394136 0.808611734274286 0.012272732452513277 0.016386811466437848
0 0.4160869753317085 0.7789809689205037 0.010995248554923905 0.014681088202145226
0 0.43502683344499565 0.7824730422612702 0.011382218827383899 0.015197206174599494
0 0.45198790046915527 0.7721831449805507 0.008794744838996999 0.01174292943718645
0 0.42654629998783095 0.7448223183668796 0.010367237819978947 0.013842034178283866
0 0.4452034736564152 0.7437812890980676 0.008695706853840706 0.011610253583619324
0 0.4469702514985339 0.7918149615322725 0.011703685384003782 0.01562700881966715
0 0.4366522690594757 0.7956824994727131 0.011022881090042699 0.01471742998927733
0 0.4685249407952102 0.7963415165929804 0.010273938893460116 0.01371798125663495
0 0.4848499677630321 0.7939810443725006 0.00939473988441981 0.012543584344356169
0 0.4944612390618782 0.8274822713881156 0.011693439306374055 0.015613328555625552
0 0.5161572705673994 0.7577481459273804 0.009707443435200736 0.012961095920840921
0 0.14951553911443272 0.7231228725241278 0.011999494632537624 0.016021980154466667
0 0.17481579737893316 0.6902838101663936 0.010595954582979556 0.0141474101435734
0 0.18555780647865294 0.7002818474932158 0.008480533443417855 0.01132296141167197
0 0.1929076021557084 0.6917928859844081 0.010243167630054555 0.013676379272322013
0 0.18470975311450324 0.6751850498593777 0.00979655656485236 0.013080076075260669
0 0.18725391319935794 0.6567832896251811 0.008791336911670097 0.011738379272327336
0 0.19220089105183402 0.635078651008074 0.007501797687866387 0.010016181917969947
0 0.1991973311681082 0.6284757661073579 0.008678459124674237 0.011587224917151568
0 0.19672384225148332 0.6485728335268015 0.00803540214697402 0.010728633957437539
0 0.20266021571987677 0.6563101086843566 0.008035099091647388 0.01072863506023847
0 0.24428550090192233 0.6352714470247794 0.00976145912466869 0.013033707828446811
0 0.23064597619386562 0.6357411555001202 0.0086296564822672 0.011522500550881635
0 0.2007520956793434 0.5849793332463589 0.01014578447562414 0.01354686659375717
0 0.19940934450860487 0.6035653336719089 0.008723232039613041 0.011647005513096855
0 0.20746585133495685 0.5755354574796269 0.0057239240297084805 0.007642416758904318
0 0.2131195403401902 0.5726200625620774 0.010971107349289208 0.014648302094733636
0 0.21234215809375317 0.5577086912192889 0.009454093311323448 0.012622831312296738
0 0.22400289163039383 0.5714815171484763 0.007591800990929361 0.01013635170914011
0 0.21983329601459742 0.5799729496624645 0.007165368290648439 0.0095669900764359
0 0.23071664735786562 0.5831859741039582 0.00984297605281585 0.013142550164934293
0 0.29531004414320744 0.577807949675204 0.01005083319568979 0.013420084895937814
0 0.2958047419179767 0.7467041179063384 0.007468435177533379 0.009971637265446628
0 0.29940896864383865 0.728498776754428 0.01063882906688185 0.014205190739178539
0 0.26181193682091913 0.6866924837940139 0.007501797687866387 0.010016181917969947
0 0.2921298440536857 0.7036803659614352 0.009413504541711613 0.012569110254246778
0 0.3061933954425916 0.7116998533493415 0.008851680429400469 0.011818506063887277
0 0.30308386649481545 0.6990545825681587 0.00819510322049357 0.01094227563384448
0 0.3123417822634501 0.7021692583918604 0.00861608092484705 0.011503940462540371
0 0.3035078932033505 0.6546173626269484 0.011133364987583457 0.014865504961785302
0 0.3351685515668168 0.6514085809173434 0.010742938893466102 0.014343659316478123
0 0.32796009809774107 0.6768877097593401 0.012142641618503695 0.016213112458373116
0 0.2521299943925842 0.6577286445160931 0.00975634186622063 0.013026875413978902
0 0.36704122330158995 0.6583864750369331 0.008256127993429339 0.011023342888699609
0 0.374391018987874 0.6490504631152441 0.011254713459958997 0.01502753252444877
0 0.3404688849957436 0.6335717772483793 0.00909511478114827 0.01214399007729192
0 0.34520384953238076 0.6408382537738803 0.009537197357575423 0.01273378721092311
0 0.35128156519053705 0.6276270283587367 0.008940383980197187 0.011936941565052414
0 0.3460519028593756 0.6190394808393477 0.008416689512780141 0.011237717751113754
0 0.3399741871933365 0.6108252475153174 0.0056974723369200755 0.007607385886847447
0 0.36117552097066413 0.6159283734011939 0.009934888521878819 0.013265273429026217
0 0.3782779301420965 0.6209282757901271 0.009300704376530178 0.012418030871051675
0 0.3773592057133949 0.6063034502674375 0.009661028075991713 0.012899123483400098
0 0.4933305012570632 0.47561712647236826 0.009403241948823696 0.012554934950670702
0 0.4729772208744551 0.45749716659085754 0.007661218001660264 0.010229035280644894
0 0.48986761676816465 0.4464543582368416 0.006115169281583713 0.008165103638012788
0 0.49778278132799275 0.44419553904468656 0.009203539223777027 0.012288297684668114
0 0.5225176706889081 0.37540943387283837 0.009735845582158644 0.012999507167315995
0 0.5320582708780686 0.3839966943477257 0.010106330305552472 0.013494185226442664
0 0.3456985473446894 0.30520770310854506 0.010078619322849132 0.013457185226310836
0 0.34633458732724615 0.29058445241433684 0.011297231213861428 0.015084302094954968
0 0.3607514942773659 0.2957718518563642 0.009996403798516332 0.013346906285219576
0 0.563577587054031 0.38144818789612134 0.009596710156910444 0.012813248070903624
0 0.5348144442701103 0.3601188684065129 0.007252388109005434 0.009683541345688317
0 0.5150265327687368 0.3260571473661108 0.00803540214697402 0.010728635061265287
0 0.5229416973700937 0.3520961885587975 0.005996643270038662 0.008006542447703872