0 0.9530922677126155 0.036973216317290114 0.07885525185797666 0.09474974310964084
0 0.8834738058860846 0.043815661845020254 0.008732701899290768 0.011659649393778981
0 0.804173399505029 0.06888786863736898 0.011164688687017118 0.01490676626172882
0 0.4614241835550201 0.1434086768743156 0.013580048720044346 0.018131685776937887
0 0.4352764819639494 0.10517711767694751 0.013415102394717621 0.017912127893898625
0 0.42310279797459627 0.07999051646088161 0.011007819983473357 0.014697874310942903
0 0.4477073564851202 0.2124266165740944 0.011357872006623727 0.015164701212628804
0 0.7186146907550768 0.2809905321896898 0.011270403798504615 0.015048481808418805
0 0.7710815542104518 0.25134672401031394 0.012617887696107076 0.01684767034216943
0 0.8199477505918806 0.24115389755843855 0.009578787778699532 0.012789318633759691
0 0.7095272928555835 0.1316139113708361 0.010914362510341327 0.014572540242656194
0 0.5960205490191884 0.16595324661681282 0.010978404624269572 0.014658598676981053
0 0.8553543104159047 0.33524750821629196 0.011661824112299301 0.015570528114208379
0 0.8830451550582019 0.35413327756468227 0.01119624194881358 0.014948896362416472
0 0.973747673933327 0.30010913359976754 0.012853808422785554 0.01716203197360433
0 0.8567259931162713 0.5324716891645728 0.012799465730801705 0.017090117970590357