2 0.5362337895259138 0.4335109147622097 0.017574693641614195 0.023466102535556078
2 0.665511169531073 0.41589864164533336 0.017871272502035213 0.023861202866233302
2 0.6182992369850557 0.4574174603515088 0.012108143682908466 0.016167049613486577
2 0.6305187960135794 0.3862319815094771 0.016432320396329372 0.021939957000996997
2 0.5516470969004482 0.29742807305449787 0.01788637076797153 0.023881361631896292
2 0.6995315326861388 0.251076342527731 0.016949854665568514 0.02263095259128391
2 0.5122112473787783 0.25867859057387976 0.01750434186622196 0.023372168688651877
2 0.4437539451820472 0.32542301449398975 0.017638871180880693 0.023550908489906472
2 0.6846736597852215 0.16337855231497425 0.015007014037975096 0.020036928335157488
2 0.8790757349980872 0.38919761683073106 0.01610699421963612 0.021506399117500543
2 0.6259364613517292 0.6348526007069691 0.016102205615196128 0.0215000055130682
2 0.5871949049775488 0.5432643366293712 0.015653499587111 0.020900097023593026