0 0.0529108495805947 0.16426158289382975 0.14208774979356645 0.4029371609701852
2 0.33432876504409725 0.18807716154962648 0.01527826176715198 0.020399090407833113
2 0.23230986383350982 0.2524023306861011 0.01735395458298116 0.02317049503819288
2 0.8612263841560963 0.5555067989706188 0.015911667217142128 0.021244794929188564
2 0.6745060759152014 0.5733602768058715 0.017519185796884156 0.02339110694529926
2 0.6155237195972283 0.7400217476098613 0.01683457638314886 0.022477036383097462
2 0.5359661226473925 0.7088906775981336 0.01515791990090943 0.020239175303480787
2 0.7031399523969613 0.9275187937421632 0.014580638315447881 0.019468377067069827
2 0.7216576689150197 0.9917001360955483 0.015507448389793612 0.02068300110256133
2 0.8329354283400072 0.9986390743215693 0.01331971015690416 0.005565447629097739
2 0.3866241681905737 0.7750578753972609 0.01141982493810794 0.015247417861326724