1 0.0830763888301737 0.8375329310341421 0.01235566639141845 0.01649754575547139
1 0.16447611360491154 0.7708464618289664 0.013093957060318928 0.01748332965917795
1 0.03313138800902749 0.9899179488707995 0.011026694467421974 0.01472307607539762
1 0.06076053738453511 0.9609757018929641 0.009923215524393843 0.013249187430422322
1 0.06331092043551767 0.9737930534758668 0.010587314616023193 0.014136406835353428
1 0.007308759942879973 0.9527519758556617 0.006948851362479471 0.009277904079662268
1 0.014853643029891677 0.9592797882678326 0.0063082964492548015 0.008422653803801063
1 0.023992515496363977 0.9653776636154133 0.007986224607768693 0.010662974641877078
1 0.0321218613995636 0.9585705037221576 0.006237187448382981 0.008327710032545219
1 0.03759455829437724 0.969633119401564 0.008548962840632382 0.01141432635054863
1 0.03908228169081534 0.9396941612054652 0.009413988439300467 0.012569283351893593
1 0.0253739729909627 0.9407523364329745 0.012700415359189754 0.016957863286351158
1 0.037275760401354475 0.9169960442187045 0.007727224607801974 0.010317554576230023
1 0.007946355648271118 0.9285627523059274 0.0059404475639903385 0.007931512678832704
1 0.036744430613952814 0.8762784108690006 0.006177832369939105 0.008248773980536627
1 0.07032447369797286 0.8886202495830604 0.0072260850536849264 0.009648058435118777
1 0.0695806120049449 0.8642144558248916 0.008288432700218422 0.01106689084945565
1 0.4307786075128773 0.45955203084404506 0.014458420313769777 0.019304460860263092
1 0.5850767802691639 0.5443987661475663 0.01414894467382365 0.018891257992735114
1 0.6430979940619606 0.5685199979639303 0.013562134599534627 0.018107767364722825
1 0.6528744622786213 0.5248144619513915 0.016539298926534333 0.022082790517779078
1 0.5738125886240052 0.5971837533194296 0.011817552436008192 0.01577904630583827
1 0.5334315240963013 0.6238455922171359 0.018454126341867896 0.024640339581745593
1 0.42419011804316936 0.558013799880624 0.017260941370760653 0.02304630650488748
1 0.4454433098435402 0.5302089826135086 0.01502169777043579 0.020057289966904736
1 0.45500724617831917 0.5492312961946988 0.009552122213036394 0.012753714442811702
1 0.4717972677169886 0.5653978986049517 0.013923679603629805 0.018590491731233214
1 0.47009701239098745 0.5435504159143619 0.012623276630905629 0.01685486659366543
1 0.36893181918073764 0.5174414557779604 0.013878188274166694 0.018529753032311913
1 0.4144136497718097 0.4833893397958516 0.014033017341040989 0.0187371819184594
1 0.2644723812436368 0.5839800673435301 0.01646477539222272 0.021984116868408603
1 0.348635020994354 0.5356064904737877 0.011788853014066422 0.01574072546850327
1 0.3982612239284857 0.5662580143296814 0.009156155243620175 0.0122250319728597
1 0.3263191695364587 0.5919115011495063 0.024091251857977124 0.03216714994486959
1 0.38125867045640793 0.609250826858674 0.008011334434351218 0.010696902976893997
1 0.3473598294718669 0.6596113348845906 0.012379404624263063 0.016529242557400577
1 0.3639373190998631 0.6889792758429294 0.013404178364962972 0.01789754244797712
1 0.3471472975126472 0.6888350058293592 0.014621516102390451 0.0195222227118474
1 0.3266379674220312 0.6644299462788801 0.01532531709334883 0.020462689084404424
1 0.3206870737208248 0.6991955618987059 0.013026520231193429 0.01739328555750446
1 0.30251559463463623 0.6793267057721873 0.015770383980204018 0.02105615766207629
1 0.49687603409299214 0.6244133056152731 0.01835596531794524 0.024509272326601314
2 0.017404026028818992 0.8850605905008766 0.014105249380671306 0.018833627343144938
2 0.09689096357505368 0.8793800748235729 0.016833010734922948 0.022474947078471804