1 0.0057463895060482694 0.025654257952863024 0.011292806771304304 0.01507839470764965
1 0.05048967168517803 0.007768388239968704 0.014177153592063675 0.017638007717981293
1 0.02382222919820629 0.009559446363581515 0.008435546655652385 0.01126331973578596
1 0.044129654023185694 0.06036218263664773 0.00917395871179909 0.012248803749516228
1 0.024156966996634905 0.06379127659749696 0.010645920726688676 0.014214659316101766
1 0.017127473791715135 0.04471885594677964 0.008794257638327667 0.011741836825354885
1 0.2694081743596284 0.09850777402035522 0.013166351775413043 0.017579330760850075
1 0.2884882272762465 0.12442439485673999 0.01027944838978284 0.013725336273472916
1 0.2993114152836708 0.08748898733830307 0.016161668868708515 0.021578589856805323
1 0.36782107918178525 0.03342171219231965 0.02238714781173172 0.029890669238688928
1 0.3990632711644292 0.015233847706926762 0.015645989265074087 0.020890856669987773
1 0.34550522774700954 0.0772092672621435 0.01609777126339757 0.021494084895232152
1 0.28369031923841903 0.06022377103431584 0.014969364987589375 0.01998741234844713
1 0.29797246420194956 0.053069186183319 0.012973449215532106 0.017322424476783487
1 0.33613257011867603 0.03787377446298431 0.013126083402156147 0.017526224917858477
1 0.3468441788133016 0.02833272576898895 0.009541168455845845 0.012739089306324818
1 0.31247776761025414 0.07600693365860867 0.010380677952108909 0.013860501652910008
1 0.3169409378668125 0.05158097823504708 0.013749172584633216 0.018357495038001055