1 0.5612383411707826 0.11618644003617724 0.01074844508670835 0.01435101102594011
2 0.6621281660513177 0.6986451073454194 0.01256453179191755 0.016776428885486843
2 0.7001136348672783 0.6307108416596824 0.011868713459947463 0.01584735722101346
2 0.6530674120514042 0.6172150408709474 0.010638553261776892 0.01420482249197354
2 0.7358339151681319 0.5644091654172559 0.013306681255169341 0.017766693495049696
2 0.5504369482238551 0.7240018221337139 0.011505466556566068 0.015361764056499238
2 0.50095129162027 0.5806944702742693 0.013306681255169341 0.017766693495049696
2 0.7440234428243966 0.811481261256232 0.01371565978529207 0.01831274972499534
2 0.7882817413357108 0.7319209445863469 0.016526061106497434 0.02206594818050931
2 0.6591659964967448 0.4052765238188133 0.01232053757225864 0.016450641675756744
2 0.6495825066502763 0.4739074696208604 0.01233038976052153 0.016463798235654175