1 0.3137900217337815 0.7516284206483714 0.02076615276631094 0.027727407938261672
1 0.38430811230412976 0.7420976221758581 0.018622708505344084 0.024864498347191854
1 0.4182282064914566 0.7537256788879287 0.014393291494631824 0.01921750496161122
1 0.4316177173528892 0.781739893154772 0.0108959876135177 0.014548005512581836
1 0.4481314474244873 0.7590977026995728 0.009613962840601497 0.01283628335109652
1 0.46352938492474793 0.7716053065678563 0.013126578034660422 0.017526224917858477
1 0.3820765271509285 0.6938390275165686 0.01324692402975357 0.017687573319438602
1 0.3617691023259971 0.6917574061758512 0.010977947151084206 0.014657436604093034
1 0.39859025722887126 0.7882899889936045 0.01362495375719286 0.01819232745299397
1 0.3753817717437644 0.7972380297829407 0.008468270024767686 0.011306587651848398
1 0.3976976231451344 0.811828046861539 0.013749172584633216 0.018357495038001055
1 0.35217328626245475 0.8320913985956875 0.012504373245251933 0.01669610363904637
1 0.5063758196857062 0.7710032226741642 0.01646540875309766 0.021984134510143062
1 0.032430048319878335 0.39768349273744336 0.010995701899258673 0.014681693495075653
1 0.01737710138128972 0.407309307491914 0.010233899256795903 0.013664004410377805
1 0.04292470852358568 0.3767322359643589 0.013049958711839954 0.017424581036415226
1 0.04652893525435036 0.42330417282316657 0.009594628406253287 0.012810468577185303
1 0.06815429566474977 0.23392341517183063 0.011880317093319206 0.015862252481092822
1 0.006882441135140291 0.4157984766302078 0.011949656482235683 0.015955434398481246