1 0.5393539380403674 0.6004605563162377 0.03751857473163517 0.05009370893055148
1 0.5974455924934329 0.5962573138487658 0.014416364161855242 0.01924903417784462
1 0.6091063260538181 0.5727554326712707 0.018078972749788126 0.02413942778427585
1 0.638470173242285 0.4766639126516065 0.011491393889331286 0.015343553472881214
1 0.7203073214997578 0.4816104434214968 0.015441501238667903 0.02061781918480089
1 0.6852191141876719 0.4448169144774071 0.012127002477272884 0.01619223043088449
1 0.7998123230332044 0.4847297318302333 0.012465121387273325 0.016643693495044833
1 0.8246178835220224 0.5627135674427074 0.01412980346819332 0.018866412348782412
1 0.789529676200083 0.5709278920579131 0.011252696944660608 0.015024273428355385
1 0.6218271263029398 0.45373627086516055 0.010695647398841627 0.014280517089623206
1 0.4659973232991802 0.3833721683924359 0.021621203137881604 0.02886800110225115
1 0.33073281403183963 0.2809101787365998 0.015774704376543224 0.021061926130349146
1 0.36688108806404907 0.22284901218207465 0.03253213212221459 0.043435955898632944
1 0.3560684078725241 0.1632937231843484 0.015338399669708812 0.02047938478508884