2 0.5818297963091564 0.14686427139620634 0.012585830718431158 0.016804867695150393
2 0.8581781386466321 0.07702016853239663 0.00957307184143315 0.012782167584780098
2 0.7917886957322696 0.0723796470487098 0.009085495458280593 0.012131145534073767
2 0.6601071560417086 0.293133362777564 0.011942208092477062 0.015945489525532118
2 0.72046119503068 0.27506536794384856 0.013096343517746826 0.01748651488403797
2 0.7616116762321121 0.4630880739628168 0.010757973575535823 0.014363733187005696
2 0.7959951893423113 0.38372820018161224 0.011909000825772906 0.015900551267543268
2 0.5370214946324222 0.5116783448668503 0.008808867052006347 0.011761785005327097
2 0.5571395075944592 0.6132619297214041 0.008929541701107562 0.011922912900115322
2 0.48800669930522306 0.5817626007281186 0.009573432700235541 0.01278216868758103
2 0.8684933685605233 0.20001941176527718 0.018719709331141268 0.024994011024729878
2 0.9853127174950659 0.16944526179663863 0.017554909165963625 0.02343880374892281
2 0.6494835909881589 0.44062766688952865 0.016190935590444402 0.021617664829257963
2 0.9359136098548024 0.3704236477065129 0.015294378199810693 0.020420608599490537
2 0.9446061566948578 0.2704975229226948 0.0148403748967854 0.019815181919025482
2 0.5479292024167206 0.20143089541095455 0.01670946490503486 0.022310831311929975
2 0.7406493261080903 0.3123995817544672 0.018599261767140565 0.02483319404587363
2 0.7595185131214972 0.3234350975949929 0.01623529397195565 0.021676891951594817
2 0.8171861409323103 0.7279439358443203 0.014171094962841394 0.018921545754949733
2 0.6836177383781765 0.6885928852994985 0.012127002477272884 0.01619223153163179