1 0.8743334652824365 0.8113396069386105 0.012365011560721407 0.01650940242522245
1 0.8406293957454689 0.7426659294487261 0.013135848059459311 0.017539262402979316
1 0.8598260614517934 0.7839431286437278 0.009795150289009768 0.013078199558847203
1 0.8840050678676656 0.7579211772028295 0.009951368290698348 0.013287277838837482
1 0.9105287051930678 0.7829687388874631 0.01196205119737351 0.015971983461553495
1 0.8757988596247573 0.6207881247308495 0.02149608092485219 0.028702022050853405
1 0.8708165189163151 0.580078936066959 0.014476483071843526 0.019329306504215795
1 0.8942628281473042 0.5851679639870254 0.015475008257666277 0.02066178059527833
1 0.8678857302259054 0.6959015789073137 0.01163446077622064 0.01553457883076769
1 0.8539644841479755 0.5630488727034337 0.010092772914978817 0.013476083793419658
1 0.3848917599019351 0.22672749981859158 0.015385943022297047 0.02054286328510945
1 0.3894344823216538 0.2531295156706014 0.009202862923192345 0.012287394707363258
1 0.3977872299923101 0.23728914521614042 0.013366453344351131 0.01784649944854972
1 0.4118550155121194 0.22653077471623445 0.014888884393059172 0.01987995259061275
1 0.8662360610630138 0.7313115071801032 0.015472919075126114 0.020658991179432075