1 0.9123523502106318 0.30517597806916186 0.009372224607749079 0.012513521499110359
1 0.9236725213888242 0.30561240101407683 0.0073167060280386375 0.009769052921156702
1 0.9249913762614836 0.3186735688845289 0.008000872832402651 0.010682933847804974
1 0.7246353368479724 0.5718775872683282 0.00895334516926288 0.011954695699980858
1 0.7352960805702242 0.5837594100952871 0.006617132122213102 0.008835001102142455
1 0.7394724544378526 0.5725370736735181 0.008444791907491892 0.01127524035258882
1 0.7875007535010833 0.682010938599295 0.01109504624277401 0.014814340683006268
1 0.49284658911970575 0.48465040778533824 0.014623505367467166 0.019524877618838105
2 0.9925891958914611 0.5827496899589649 0.012802626754737496 0.019282308710038727
2 0.9811318460393841 0.6759629496173007 0.01162061023951372 0.015516083792279154
2 0.5973877053532206 0.7352261155527475 0.014982275805110381 0.020003898566241695