2 0.27565953449657976 0.4609465631723092 0.01525918001653765 0.020374380374510077
2 0.5727468033540959 0.622003341716937 0.0152941915772057 0.020421127893457798
2 0.5855857506559252 0.5390820381885688 0.015810062758065836 0.021109930540475063
2 0.5431873665434831 0.4051418682424785 0.011408302229583035 0.015232607497409593
2 0.4455516510428211 0.28314239779731637 0.017224737407076675 0.022997968027197738
2 0.34970741657137216 0.36168227046666523 0.014748217175871558 0.019692132304922616
2 0.34254149249201127 0.423075764423571 0.014455176713446911 0.019300857772424306
2 0.2308725090343163 0.2935082134302981 0.01690016102393194 0.02256545314283953
2 0.6877001687059714 0.6423344127433385 0.015491095788611143 0.020684038588721736
2 0.7868287850418001 0.6339612616094644 0.01624390586292022 0.021689206173863208
2 0.7692125549930795 0.5350982178476985 0.01424449628402043 0.019018836824640287
2 0.6948660927902831 0.5478529834990464 0.015525584640831192 0.020730089304851658
2 0.7211411476926801 0.47649125316998664 0.01673114946326218 0.022338944873356702
2 0.871028392877967 0.4844674331556016 0.015071645747298416 0.02012322271240684
2 0.8892417832518621 0.5602105172369486 0.01586694467379608 0.021185082690471983
2 0.990759040951355 0.5510445850631253 0.01424395953757653 0.019018835721839353
2 0.9388060914309758 0.35530435640874186 0.014356708505395093 0.019168658213856268
2 0.11074304969925172 0.3210486036375198 0.016436425268397805 0.021945435501421497
2 0.0075099681098203305 0.41579365001759333 0.013350580511954986 0.019181392502651655
2 0.10220626674879543 0.1632565192410018 0.01659952270851065 0.0221640330769097
2 0.010836011343301082 0.5077000994075094 0.012004851362541853 0.01602852811509088