0 0.2794014439110788 0.9688846198328521 0.010498303055327191 0.014017027562490306
0 0.28636186419685106 0.9786102834785031 0.0068950148637335 0.009206024255262648
0 0.28901851320384314 0.9709472874469045 0.007599317093309042 0.010146385888428384
0 0.2963508644065697 0.974494599088279 0.007515357555750401 0.010034664828728683
0 0.3570287271339714 0.950443275363206 0.008667355078427485 0.011572835722562366
0 0.362342025070089 0.9623549784222554 0.012127828241095583 0.016192723263790287
0 0.36818665284297175 0.9433439401036915 0.01141802890170104 0.015245018743570019
0 0.3870488606082063 0.9289441896230803 0.010663194880258634 0.01423718743108402
0 0.40543287155392616 0.985480048596169 0.013224385631663692 0.01765747850015349
0 0.4353998720633984 0.9961398222525794 0.008758074318704408 0.010558552370543255
0 0.456812462860245 0.974208005260401 0.009003179190762288 0.01202078280064802
0 0.44777985630767664 0.9490245634427062 0.008601969446753122 0.011485532524789116
0 0.4575563245662507 0.9285901193296519 0.010375108175048133 0.01385306284476437
0 0.4113837652646496 0.9014957372700876 0.007486756399683777 0.009996475192873257
0 0.3864112648781094 0.8817704284343922 0.009361060280764274 0.012498615215128944
0 0.38120423285185817 0.8997145355355648 0.01165253344343969 0.015558708930447649
0 0.3509184344608989 0.8190564668871865 0.010271744838979982 0.0137150518189553
0 0.36101370061605265 0.7909630632650234 0.010500453344375528 0.014019899668896935
0 0.38226689245944234 0.8037322991493732 0.010696099091684223 0.014281657111626673
0 0.3890679138477063 0.794370264386863 0.009468649876147085 0.012642742006278617
0 0.4215852973798023 0.8665917682037365 0.007866255986784192 0.010503191841805258
0 0.4417758296334883 0.8871596300042139 0.010696098265914103 0.014281657111626673
0 0.45920344692119264 0.8898571838163735 0.00967895623449733 0.012923060640150552
0 0.4738681493265978 0.9040431321640688 0.011022597853006667 0.014717605292526009
0 0.48757645803837074 0.9981568575381838 0.01097500165151532 0.0063650231529129905
0 0.16867231438945807 0.7359199963772901 0.006379498761332987 0.00851772105898359
0 0.1636778142901263 0.7462776028012083 0.006308297274976855 0.008422653803801063
0 0.17972397409664223 0.7987718898802996 0.0077038092485265264 0.010286288864729883
0 0.14306221820283713 0.7469796561805455 0.01028970602805004 0.01373851598705583
0 0.19077563385468002 0.6490822958101774 0.009227062758072922 0.012320169790872797
0 0.2033150170710646 0.6367380525413675 0.009394776218016666 0.012543631753501254
0 0.20894711292130583 0.6224090162461342 0.008762915772095578 0.011699990076736815
0 0.18004277201153493 0.6357437940170658 0.010031488852148213 0.013394255787668116
0 0.18323075074728842 0.6167289621947291 0.011318198183334557 0.015111727673917713
0 0.15283868646616974 0.7291056782945727 0.008501276630919017 0.011350657111146746
0 0.16197755891860682 0.7217294768488821 0.007568046242778492 0.010104635060901417