0 0.9973516426994915 0.23297819987251583 0.00424901073490724 0.010729145534878725
0 0.993264526690754 0.1730423539993995 0.007233421965342624 0.009657855567654807
0 0.9898823410993873 0.1924962821953582 0.007963564822432592 0.010633120175693369
0 0.8809758169800704 0.9390665481622765 0.009615023121407716 0.012837700110417611
0 0.9466634543098199 0.7736217842736131 0.008149652353429845 0.010881179713673864
0 0.9430804922553833 0.8003310488378824 0.007837078447596338 0.010464233737500526
0 0.9698034174638703 0.8970044546872542 0.007488352601163775 0.009998230429935088
0 0.921433429931645 0.9468377779855043 0.00827956977706021 0.011055057332363255
0 0.9629590215688147 0.995892807018821 0.006517228736604843 0.003003198456310779
0 0.9693227752834666 0.9919329180783677 0.009553261767149211 0.00981056229278133
0 0.9329287665078518 0.9892899158237196 0.005704365813388304 0.007616304299591855
0 0.9189191154186236 0.9959947457270083 0.0064237819983401665 0.0028209162068932162
0 0.9148646662231211 0.8822508993678723 0.005735322047906684 0.007657923924612434
0 0.8963526957279992 0.8981980629205754 0.006213051197368999 0.008295484013494017
0 0.7818706114473618 0.26358826746681524 0.00900158381505241 0.01201910474116872