2 0.22455398598022552 0.7955339911918524 0.010842705202292002 0.014477409040421873
2 0.22819633967943742 0.8373894958028851 0.009459535094977047 0.012630095921021444
0 0.12686085667587857 0.7491559138338779 0.008442445086693263 0.01127210694602398
0 0.122828250800359 0.7362999999587647 0.006713899256844953 0.008964541345596511
0 0.12269816676342767 0.7012194698705217 0.00874147481422696 0.011671802646130356
0 0.1090393404093837 0.7204972196015085 0.008031571428566435 0.010723520396842058
0 0.14871497881606655 0.6984408634171596 0.008880083402128494 0.011856428886606648
0 0.1662763269388111 0.6890578293113209 0.006713899256844953 0.008964541345596511
0 0.15365817306988544 0.6791577904034394 0.0066635549132570675 0.008896984564512147
0 0.14936539906239166 0.668220953451102 0.009572977704360533 0.012782041896278368
0 0.002383531862023901 0.23298037017448142 0.0037864706853733797 0.010711005513064456
0 0.003150915287457742 0.20256519803413844 0.005363300578048858 0.007161192944049506
0 0.02026346615182265 0.8742825121022227 0.008258319570599117 0.011026267916202348
0 0.021905657071635606 0.8838474227109351 0.006769025598663812 0.00903814553479277
0 0.006827358545342877 0.8770706482630022 0.006970161849678618 0.009306707828128022
0 0.016531214041771516 0.906967955409388 0.0059266473988281035 0.007913087100373806
0 0.013097542065107683 0.9388627209141029 0.007221419488031395 0.00964219184117977
0 0.0198155959155722 0.9530134116727633 0.00632680016511153 0.008447359425920373
0 0.029967321675071996 0.959589679536534 0.005489330305565998 0.007329192943871021